1 0.8365384615384616 0.171875 0.08413461538461539 0.1622596153846154
1 0.6838942307692307 0.16346153846153846 0.09975961538461539 0.15985576923076922
1 0.546875 0.15144230769230768 0.07451923076923077 0.15264423076923078
1 0.41225961538461536 0.11899038461538461 0.06850961538461539 0.11899038461538461
1 0.28725961538461536 0.10817307692307693 0.05048076923076923 0.11538461538461539
1 0.2620192307692308 0.2536057692307692 0.09375 0.14423076923076922
1 0.40024038461538464 0.2668269230769231 0.06850961538461539 0.15264423076923078
1 0.5384615384615384 0.30288461538461536 0.078125 0.125
1 0.7139423076923077 0.3173076923076923 0.1778846153846154 0.12860576923076922
1 0.7548076923076923 0.46153846153846156 0.07211538461538461 0.12860576923076922
1 0.6081730769230769 0.44471153846153844 0.12860576923076922 0.12139423076923077
1 0.4110576923076923 0.42788461538461536 0.052884615384615384 0.14423076923076922
1 0.18028846153846154 0.4014423076923077 0.07211538461538461 0.140625
1 0.8112980769230769 0.6177884615384616 0.06610576923076923 0.1466346153846154
1 0.6033653846153846 0.5973557692307693 0.2439903846153846 0.1502403846153846
1 0.3233173076923077 0.5673076923076923 0.11538461538461539 0.1346153846153846