1 0.30288461538461536 0.15264423076923078 0.07451923076923077 0.10576923076923077
1 0.31971153846153844 0.2932692307692308 0.12860576923076922 0.15625
1 0.5036057692307693 0.3088942307692308 0.0625 0.125
1 0.6887019230769231 0.28725961538461536 0.078125 0.125
1 0.7175480769230769 0.4254807692307692 0.078125 0.11899038461538461
1 0.4266826923076923 0.4387019230769231 0.11538461538461539 0.15264423076923078
1 0.21153846153846154 0.453125 0.11538461538461539 0.14423076923076922
1 0.3293269230769231 0.59375 0.10336538461538461 0.125
1 0.8088942307692307 0.5612980769230769 0.05048076923076923 0.140625
1 0.8052884615384616 0.28125 0.046875 0.125
1 0.5348557692307693 0.4338942307692308 0.04326923076923077 0.11899038461538461
1 0.578125 0.5745192307692307 0.04326923076923077 0.13701923076923078
1 0.4951923076923077 0.5817307692307693 0.03485576923076923 0.1310096153846154