1 0.3425480769230769 0.1346153846153846 0.07211538461538461 0.10576923076923077
1 0.3449519230769231 0.27403846153846156 0.12139423076923077 0.15264423076923078
1 0.5240384615384616 0.3076923076923077 0.05889423076923077 0.12139423076923077
1 0.7115384615384616 0.3112980769230769 0.07211538461538461 0.12139423076923077
1 0.7247596153846154 0.4483173076923077 0.07451923076923077 0.11538461538461539
1 0.4338942307692308 0.4338942307692308 0.11298076923076923 0.1502403846153846
1 0.21995192307692307 0.4230769230769231 0.109375 0.140625
1 0.3233173076923077 0.5745192307692307 0.09735576923076923 0.125
1 0.8028846153846154 0.5949519230769231 0.04326923076923077 0.140625
1 0.828125 0.3161057692307692 0.04326923076923077 0.125
1 0.5420673076923077 0.4375 0.040865384615384616 0.11899038461538461
1 0.5721153846153846 0.5817307692307693 0.037259615384615384 0.13701923076923078
1 0.4879807692307692 0.5817307692307693 0.03125 0.1310096153846154