1 0.3173076923076923 0.1502403846153846 0.07211538461538461 0.11298076923076923
1 0.3245192307692308 0.2860576923076923 0.125 0.15264423076923078
1 0.5108173076923077 0.30288461538461536 0.05889423076923077 0.125
1 0.6947115384615384 0.2932692307692308 0.078125 0.125
1 0.7199519230769231 0.42788461538461536 0.078125 0.125
1 0.4338942307692308 0.4411057692307692 0.11298076923076923 0.14423076923076922
1 0.2127403846153846 0.4411057692307692 0.11298076923076923 0.13701923076923078
1 0.328125 0.5841346153846154 0.09375 0.125
1 0.5384615384615384 0.4338942307692308 0.03485576923076923 0.11899038461538461
1 0.8088942307692307 0.5733173076923077 0.05048076923076923 0.1466346153846154
1 0.5769230769230769 0.5745192307692307 0.040865384615384616 0.13701923076923078
1 0.4963942307692308 0.5769230769230769 0.025240384615384616 0.1346153846153846
1 0.8112980769230769 0.2932692307692308 0.040865384615384616 0.125