1 0.6658653846153846 0.12379807692307693 0.06850961538461539 0.109375
1 0.2824519230769231 0.30649038461538464 0.078125 0.1310096153846154
1 0.4807692307692308 0.2980769230769231 0.056490384615384616 0.12139423076923077
1 0.6622596153846154 0.2668269230769231 0.125 0.15264423076923078
1 0.2668269230769231 0.44471153846153844 0.07211538461538461 0.12139423076923077
1 0.5661057692307693 0.4362980769230769 0.10576923076923077 0.1346153846153846
1 0.7920673076923077 0.421875 0.11538461538461539 0.13701923076923078
1 0.6826923076923077 0.578125 0.09735576923076923 0.125
1 0.1875 0.5973557692307693 0.04326923076923077 0.1502403846153846
1 0.4266826923076923 0.5817307692307693 0.03485576923076923 0.14423076923076922
1 0.5108173076923077 0.5865384615384616 0.021634615384615384 0.12860576923076922
1 0.4567307692307692 0.4375 0.03125 0.125
1 0.3762019230769231 0.4411057692307692 0.021634615384615384 0.125