1 0.8125 0.17307692307692307 0.08774038461538461 0.15985576923076922
1 0.6670673076923077 0.16346153846153846 0.09014423076923077 0.15264423076923078
1 0.5324519230769231 0.16105769230769232 0.06610576923076923 0.15264423076923078
1 0.4026442307692308 0.13221153846153846 0.0625 0.11538461538461539
1 0.28125 0.1310096153846154 0.05048076923076923 0.11298076923076923
1 0.2608173076923077 0.2668269230769231 0.08413461538461539 0.1466346153846154
1 0.3918269230769231 0.2764423076923077 0.06610576923076923 0.1466346153846154
1 0.53125 0.30649038461538464 0.06850961538461539 0.11899038461538461
1 0.6983173076923077 0.31850961538461536 0.15985576923076922 0.125
1 0.7403846153846154 0.4567307692307692 0.0625 0.11899038461538461
1 0.6045673076923077 0.44471153846153844 0.11538461538461539 0.12139423076923077
1 0.4098557692307692 0.4338942307692308 0.056490384615384616 0.13701923076923078
1 0.19230769230769232 0.4170673076923077 0.05889423076923077 0.1346153846153846
1 0.6009615384615384 0.5877403846153846 0.2283653846153846 0.14423076923076922
1 0.8004807692307693 0.6033653846153846 0.06850961538461539 0.14423076923076922
1 0.3329326923076923 0.5733173076923077 0.10336538461538461 0.12860576923076922