1 0.8112980769230769 0.14903846153846154 0.078125 0.15985576923076922
1 0.6598557692307693 0.1502403846153846 0.09375 0.15625
1 0.5204326923076923 0.1502403846153846 0.07211538461538461 0.1502403846153846
1 0.3858173076923077 0.12620192307692307 0.06610576923076923 0.11538461538461539
1 0.2608173076923077 0.125 0.046875 0.11298076923076923
1 0.24519230769230768 0.2704326923076923 0.09014423076923077 0.140625
1 0.38221153846153844 0.27524038461538464 0.06610576923076923 0.1502403846153846
1 0.5252403846153846 0.3016826923076923 0.07451923076923077 0.12139423076923077
1 0.6995192307692307 0.30528846153846156 0.17548076923076922 0.12139423076923077
1 0.75 0.44350961538461536 0.06850961538461539 0.125
1 0.6033653846153846 0.4375 0.125 0.11899038461538461
1 0.40625 0.4362980769230769 0.05048076923076923 0.140625
1 0.17548076923076922 0.4254807692307692 0.06850961538461539 0.13701923076923078
1 0.8185096153846154 0.59375 0.0625 0.14423076923076922
1 0.6105769230769231 0.5889423076923077 0.2403846153846154 0.140625
1 0.328125 0.5817307692307693 0.11298076923076923 0.1310096153846154