1 0.3293269230769231 0.12620192307692307 0.07211538461538461 0.109375
1 0.7151442307692307 0.30288461538461536 0.08173076923076923 0.1310096153846154
1 0.5168269230769231 0.2980769230769231 0.05889423076923077 0.12139423076923077
1 0.3329326923076923 0.27163461538461536 0.12860576923076922 0.15625
1 0.7307692307692307 0.4423076923076923 0.07451923076923077 0.12139423076923077
1 0.4326923076923077 0.4375 0.109375 0.13701923076923078
1 0.20673076923076922 0.4266826923076923 0.11899038461538461 0.140625
1 0.31850961538461536 0.5829326923076923 0.09975961538461539 0.12860576923076922
1 0.8137019230769231 0.59375 0.046875 0.1502403846153846
1 0.5745192307692307 0.5817307692307693 0.037259615384615384 0.14423076923076922
1 0.49038461538461536 0.5865384615384616 0.025240384615384616 0.12860576923076922
1 0.5420673076923077 0.4375 0.03485576923076923 0.125
1 0.6213942307692307 0.4411057692307692 0.025240384615384616 0.125