1 0.3449519230769231 0.13701923076923078 0.07211538461538461 0.10576923076923077
1 0.7127403846153846 0.3173076923076923 0.07451923076923077 0.11538461538461539
1 0.5192307692307693 0.30649038461538464 0.0625 0.11899038461538461
1 0.3449519230769231 0.2704326923076923 0.11538461538461539 0.15264423076923078
1 0.7259615384615384 0.44711538461538464 0.078125 0.11899038461538461
1 0.4375 0.4423076923076923 0.09975961538461539 0.1346153846153846
1 0.21995192307692307 0.421875 0.109375 0.13701923076923078
1 0.3269230769230769 0.5733173076923077 0.09014423076923077 0.12139423076923077
1 0.5697115384615384 0.5841346153846154 0.03485576923076923 0.13701923076923078
1 0.5420673076923077 0.4362980769230769 0.03485576923076923 0.12139423076923077
1 0.6189903846153846 0.4411057692307692 0.025240384615384616 0.125
1 0.8052884615384616 0.5949519230769231 0.046875 0.1466346153846154