1 0.3173076923076923 0.1466346153846154 0.07211538461538461 0.10576923076923077
1 0.3293269230769231 0.2860576923076923 0.12139423076923077 0.15264423076923078
1 0.5108173076923077 0.3076923076923077 0.05889423076923077 0.12139423076923077
1 0.6947115384615384 0.2956730769230769 0.07211538461538461 0.12139423076923077
1 0.71875 0.4326923076923077 0.07451923076923077 0.11538461538461539
1 0.43149038461538464 0.4375 0.11298076923076923 0.1502403846153846
1 0.21394230769230768 0.4423076923076923 0.109375 0.140625
1 0.3269230769230769 0.5877403846153846 0.09735576923076923 0.125
1 0.8064903846153846 0.5733173076923077 0.04326923076923077 0.140625
1 0.8125 0.2932692307692308 0.04326923076923077 0.125
1 0.5384615384615384 0.4338942307692308 0.040865384615384616 0.11899038461538461
1 0.578125 0.5745192307692307 0.037259615384615384 0.13701923076923078
1 0.49399038461538464 0.5817307692307693 0.03125 0.1310096153846154