1 0.33774038461538464 0.13942307692307693 0.06850961538461539 0.109375
1 0.33653846153846156 0.2776442307692308 0.12139423076923077 0.1502403846153846
1 0.5216346153846154 0.30288461538461536 0.056490384615384616 0.125
1 0.7079326923076923 0.30288461538461536 0.078125 0.125
1 0.7259615384615384 0.4411057692307692 0.078125 0.125
1 0.4387019230769231 0.4362980769230769 0.109375 0.140625
1 0.21514423076923078 0.4266826923076923 0.11298076923076923 0.1346153846153846
1 0.3245192307692308 0.5745192307692307 0.09375 0.125
1 0.5432692307692307 0.4375 0.03125 0.11899038461538461
1 0.8076923076923077 0.5889423076923077 0.046875 0.1466346153846154
1 0.5721153846153846 0.5817307692307693 0.037259615384615384 0.13701923076923078
1 0.49399038461538464 0.5769230769230769 0.025240384615384616 0.1346153846153846
1 0.8221153846153846 0.3088942307692308 0.037259615384615384 0.125