1 0.2283653846153846 0.13581730769230768 0.08774038461538461 0.15985576923076922
1 0.375 0.14903846153846154 0.09375 0.15264423076923078
1 0.5060096153846154 0.15985576923076922 0.06850961538461539 0.15625
1 0.6394230769230769 0.1502403846153846 0.06610576923076923 0.11899038461538461
1 0.7608173076923077 0.15985576923076922 0.052884615384615384 0.11298076923076923
1 0.7620192307692307 0.2980769230769231 0.08774038461538461 0.1466346153846154
1 0.6310096153846154 0.29086538461538464 0.06850961538461539 0.1502403846153846
1 0.49278846153846156 0.30288461538461536 0.07211538461538461 0.11899038461538461
1 0.32211538461538464 0.2956730769230769 0.1622596153846154 0.12860576923076922
1 0.2644230769230769 0.4266826923076923 0.06610576923076923 0.12139423076923077
1 0.4026442307692308 0.4338942307692308 0.11899038461538461 0.125
1 0.5973557692307693 0.44711538461538464 0.056490384615384616 0.13701923076923078
1 0.8137019230769231 0.453125 0.05889423076923077 0.13701923076923078
1 0.3858173076923077 0.5769230769230769 0.2283653846153846 0.1466346153846154
1 0.18870192307692307 0.5673076923076923 0.07211538461538461 0.1466346153846154
1 0.6526442307692307 0.59375 0.10576923076923077 0.1310096153846154