1 0.16346153846153846 0.171875 0.08413461538461539 0.1622596153846154
1 0.3161057692307692 0.16346153846153846 0.09975961538461539 0.15985576923076922
1 0.453125 0.15144230769230768 0.07451923076923077 0.15264423076923078
1 0.5877403846153846 0.11899038461538461 0.06850961538461539 0.11899038461538461
1 0.7127403846153846 0.10817307692307693 0.05048076923076923 0.11538461538461539
1 0.7379807692307693 0.2536057692307692 0.09375 0.14423076923076922
1 0.5997596153846154 0.2668269230769231 0.06850961538461539 0.15264423076923078
1 0.46153846153846156 0.30288461538461536 0.078125 0.125
1 0.2860576923076923 0.3173076923076923 0.1778846153846154 0.12860576923076922
1 0.24519230769230768 0.46153846153846156 0.07211538461538461 0.12860576923076922
1 0.3918269230769231 0.44471153846153844 0.12860576923076922 0.12139423076923077
1 0.5889423076923077 0.42788461538461536 0.052884615384615384 0.14423076923076922
1 0.8197115384615384 0.4014423076923077 0.07211538461538461 0.140625
1 0.18870192307692307 0.6177884615384616 0.06610576923076923 0.1466346153846154
1 0.39663461538461536 0.5973557692307693 0.2439903846153846 0.1502403846153846
1 0.6766826923076923 0.5673076923076923 0.11538461538461539 0.1346153846153846