1 0.6706730769230769 0.12620192307692307 0.07211538461538461 0.109375
1 0.2848557692307692 0.30288461538461536 0.08173076923076923 0.1310096153846154
1 0.4831730769230769 0.2980769230769231 0.05889423076923077 0.12139423076923077
1 0.6670673076923077 0.27163461538461536 0.12860576923076922 0.15625
1 0.2692307692307692 0.4423076923076923 0.07451923076923077 0.12139423076923077
1 0.5673076923076923 0.4375 0.109375 0.13701923076923078
1 0.7932692307692307 0.4266826923076923 0.11899038461538461 0.140625
1 0.6814903846153846 0.5829326923076923 0.09975961538461539 0.12860576923076922
1 0.18629807692307693 0.59375 0.046875 0.1502403846153846
1 0.4254807692307692 0.5817307692307693 0.037259615384615384 0.14423076923076922
1 0.5096153846153846 0.5865384615384616 0.025240384615384616 0.12860576923076922
1 0.4579326923076923 0.4375 0.03485576923076923 0.125
1 0.3786057692307692 0.4411057692307692 0.025240384615384616 0.125