1 0.6610576923076923 0.1201923076923077 0.07211538461538461 0.109375
1 0.28125 0.3088942307692308 0.08173076923076923 0.1310096153846154
1 0.4795673076923077 0.2980769230769231 0.05889423076923077 0.12139423076923077
1 0.6574519230769231 0.265625 0.12860576923076922 0.15625
1 0.265625 0.4519230769230769 0.07451923076923077 0.12139423076923077
1 0.5637019230769231 0.4338942307692308 0.109375 0.13701923076923078
1 0.7908653846153846 0.4170673076923077 0.11899038461538461 0.140625
1 0.6838942307692307 0.5769230769230769 0.09975961538461539 0.12860576923076922
1 0.18870192307692307 0.6033653846153846 0.046875 0.1502403846153846
1 0.42788461538461536 0.5841346153846154 0.037259615384615384 0.14423076923076922
1 0.5120192307692307 0.5865384615384616 0.025240384615384616 0.12860576923076922
1 0.4543269230769231 0.4375 0.03485576923076923 0.125
1 0.375 0.44350961538461536 0.025240384615384616 0.125