1 0.6935096153846154 0.13581730769230768 0.08774038461538461 0.11538461538461539
1 0.6814903846153846 0.2800480769230769 0.1310096153846154 0.15985576923076922
1 0.4951923076923077 0.2980769230769231 0.06610576923076923 0.12860576923076922
1 0.3016826923076923 0.2920673076923077 0.09014423076923077 0.140625
1 0.27163461538461536 0.43028846153846156 0.09375 0.12860576923076922
1 0.5721153846153846 0.4387019230769231 0.11899038461538461 0.140625
1 0.8004807692307693 0.4411057692307692 0.1310096153846154 0.14423076923076922
1 0.6778846153846154 0.5877403846153846 0.09975961538461539 0.1310096153846154
1 0.17668269230769232 0.2824519230769231 0.046875 0.1346153846153846
1 0.18269230769230768 0.5769230769230769 0.052884615384615384 0.15264423076923078
1 0.421875 0.578125 0.04326923076923077 0.14423076923076922
1 0.5060096153846154 0.5877403846153846 0.037259615384615384 0.1310096153846154
1 0.46153846153846156 0.4338942307692308 0.040865384615384616 0.11899038461538461