1 0.3557692307692308 0.11538461538461539 0.08774038461538461 0.11298076923076923
1 0.3485576923076923 0.25961538461538464 0.12860576923076922 0.15625
1 0.53125 0.3016826923076923 0.0625 0.12860576923076922
1 0.7223557692307693 0.3161057692307692 0.08774038461538461 0.13701923076923078
1 0.7355769230769231 0.45913461538461536 0.09014423076923077 0.125
1 0.4362980769230769 0.43028846153846156 0.11538461538461539 0.140625
1 0.21153846153846154 0.4050480769230769 0.12860576923076922 0.140625
1 0.3137019230769231 0.5673076923076923 0.09735576923076923 0.12860576923076922
1 0.8473557692307693 0.3233173076923077 0.04326923076923077 0.1346153846153846
1 0.8064903846153846 0.6141826923076923 0.05048076923076923 0.15264423076923078
1 0.5697115384615384 0.5877403846153846 0.040865384615384616 0.14423076923076922
1 0.4855769230769231 0.5865384615384616 0.03485576923076923 0.12860576923076922
1 0.546875 0.4387019230769231 0.037259615384615384 0.11538461538461539