1 0.3317307692307692 0.14182692307692307 0.06850961538461539 0.10336538461538461
1 0.7043269230769231 0.3088942307692308 0.07211538461538461 0.11298076923076923
1 0.5120192307692307 0.30649038461538464 0.056490384615384616 0.11899038461538461
1 0.33653846153846156 0.2776442307692308 0.109375 0.1502403846153846
1 0.7223557692307693 0.4411057692307692 0.07451923076923077 0.11899038461538461
1 0.4326923076923077 0.44350961538461536 0.09735576923076923 0.1310096153846154
1 0.21514423076923078 0.43149038461538464 0.10576923076923077 0.1310096153846154
1 0.328125 0.5817307692307693 0.08774038461538461 0.11899038461538461
1 0.5721153846153846 0.5817307692307693 0.03125 0.13701923076923078
1 0.5408653846153846 0.4338942307692308 0.03125 0.11899038461538461
1 0.6177884615384616 0.4375 0.021634615384615384 0.125
1 0.8064903846153846 0.5841346153846154 0.04326923076923077 0.14423076923076922