1 0.6574519230769231 0.1346153846153846 0.07211538461538461 0.10576923076923077
1 0.6550480769230769 0.27403846153846156 0.12139423076923077 0.15264423076923078
1 0.47596153846153844 0.3076923076923077 0.05889423076923077 0.12139423076923077
1 0.28846153846153844 0.3112980769230769 0.07211538461538461 0.12139423076923077
1 0.27524038461538464 0.4483173076923077 0.07451923076923077 0.11538461538461539
1 0.5661057692307693 0.4338942307692308 0.11298076923076923 0.1502403846153846
1 0.7800480769230769 0.4230769230769231 0.109375 0.140625
1 0.6766826923076923 0.5745192307692307 0.09735576923076923 0.125
1 0.1971153846153846 0.5949519230769231 0.04326923076923077 0.140625
1 0.171875 0.3161057692307692 0.04326923076923077 0.125
1 0.4579326923076923 0.4375 0.040865384615384616 0.11899038461538461
1 0.42788461538461536 0.5817307692307693 0.037259615384615384 0.13701923076923078
1 0.5120192307692307 0.5817307692307693 0.03125 0.1310096153846154