1 0.35096153846153844 0.1346153846153846 0.07211538461538461 0.10576923076923077
1 0.7175480769230769 0.31850961538461536 0.078125 0.11899038461538461
1 0.5216346153846154 0.3088942307692308 0.0625 0.11899038461538461
1 0.3485576923076923 0.2704326923076923 0.11538461538461539 0.15264423076923078
1 0.7283653846153846 0.4519230769230769 0.08173076923076923 0.12139423076923077
1 0.4387019230769231 0.4387019230769231 0.10336538461538461 0.1346153846153846
1 0.22235576923076922 0.4182692307692308 0.11298076923076923 0.13701923076923078
1 0.3245192307692308 0.5721153846153846 0.09375 0.125
1 0.5685096153846154 0.5841346153846154 0.037259615384615384 0.13701923076923078
1 0.5432692307692307 0.4362980769230769 0.037259615384615384 0.12139423076923077
1 0.6201923076923077 0.44350961538461536 0.027644230769230768 0.125
1 0.8028846153846154 0.5985576923076923 0.05048076923076923 0.1466346153846154