1 0.2980769230769231 0.13581730769230768 0.027644230769230768 0.15264423076923078
1 0.47596153846153844 0.1502403846153846 0.03485576923076923 0.15625
1 0.6057692307692307 0.12980769230769232 0.03125 0.109375
1 0.6935096153846154 0.1346153846153846 0.03125 0.10576923076923077
1 0.19951923076923078 0.2860576923076923 0.08774038461538461 0.140625
1 0.3173076923076923 0.2920673076923077 0.03485576923076923 0.12860576923076922
1 0.4050480769230769 0.2932692307692308 0.040865384615384616 0.1310096153846154
1 0.5 0.3004807692307692 0.05048076923076923 0.13701923076923078
1 0.5997596153846154 0.2800480769230769 0.04326923076923077 0.15985576923076922
1 0.7451923076923077 0.2800480769230769 0.040865384615384616 0.15985576923076922
1 0.23557692307692307 0.42788461538461536 0.03485576923076923 0.125
1 0.3137019230769231 0.4338942307692308 0.040865384615384616 0.125
1 0.4266826923076923 0.4326923076923077 0.078125 0.12860576923076922
1 0.5360576923076923 0.4362980769230769 0.046875 0.1466346153846154
1 0.6237980769230769 0.4387019230769231 0.040865384615384616 0.1466346153846154
1 0.7307692307692307 0.4423076923076923 0.037259615384615384 0.1466346153846154
1 0.1875 0.578125 0.0625 0.15625
1 0.28846153846153844 0.5793269230769231 0.03485576923076923 0.15264423076923078
1 0.3798076923076923 0.5829326923076923 0.03485576923076923 0.1466346153846154
1 0.5769230769230769 0.5889423076923077 0.03485576923076923 0.1346153846153846
1 0.6598557692307693 0.5901442307692307 0.037259615384615384 0.13701923076923078
1 0.8161057692307693 0.5949519230769231 0.08173076923076923 0.140625