1 0.19951923076923078 0.16706730769230768 0.03125 0.1466346153846154
1 0.3004807692307692 0.15745192307692307 0.04326923076923077 0.1466346153846154
1 0.39903846153846156 0.15264423076923078 0.046875 0.1502403846153846
1 0.6201923076923077 0.1201923076923077 0.040865384615384616 0.109375
1 0.7716346153846154 0.11298076923076923 0.037259615384615384 0.10576923076923077
1 0.15625 0.31850961538461536 0.037259615384615384 0.125
1 0.2608173076923077 0.3137019230769231 0.046875 0.1346153846153846
1 0.359375 0.3112980769230769 0.04326923076923077 0.12860576923076922
1 0.4483173076923077 0.30288461538461536 0.027644230769230768 0.1310096153846154
1 0.6045673076923077 0.2668269230769231 0.046875 0.15264423076923078
1 0.7067307692307693 0.25600961538461536 0.056490384615384616 0.15625
1 0.23076923076923078 0.4579326923076923 0.037259615384615384 0.12860576923076922
1 0.3125 0.4495192307692308 0.037259615384615384 0.125
1 0.4098557692307692 0.4423076923076923 0.04326923076923077 0.12139423076923077
1 0.4987980769230769 0.4362980769230769 0.021634615384615384 0.12139423076923077
1 0.5769230769230769 0.43028846153846156 0.03485576923076923 0.1466346153846154
1 0.6682692307692307 0.4230769230769231 0.04326923076923077 0.1466346153846154
1 0.2127403846153846 0.6057692307692307 0.037259615384615384 0.1502403846153846
1 0.2800480769230769 0.6045673076923077 0.03485576923076923 0.15264423076923078
1 0.33774038461538464 0.5985576923076923 0.03125 0.15264423076923078
1 0.3954326923076923 0.5925480769230769 0.040865384615384616 0.1466346153846154
1 0.6394230769230769 0.578125 0.027644230769230768 0.1310096153846154
1 0.6887019230769231 0.5721153846153846 0.027644230769230768 0.1310096153846154
1 0.7764423076923077 0.5625 0.040865384615384616 0.1310096153846154