1 0.7331730769230769 0.17067307692307693 0.2536057692307692 0.15985576923076922
1 0.5168269230769231 0.16105769230769232 0.027644230769230768 0.1466346153846154
1 0.31971153846153844 0.13221153846153846 0.027644230769230768 0.10336538461538461
1 0.7824519230769231 0.31850961538461536 0.03485576923076923 0.1310096153846154
1 0.6971153846153846 0.3161057692307692 0.03125 0.125
1 0.33653846153846156 0.27163461538461536 0.027644230769230768 0.14423076923076922
1 0.6394230769230769 0.44350961538461536 0.03485576923076923 0.125
1 0.4795673076923077 0.4362980769230769 0.03485576923076923 0.1466346153846154
1 0.5612980769230769 0.5829326923076923 0.027644230769230768 0.1466346153846154
1 0.4254807692307692 0.5817307692307693 0.03125 0.1310096153846154
1 0.31971153846153844 0.5745192307692307 0.03485576923076923 0.1310096153846154
1 0.20673076923076922 0.5661057692307693 0.09375 0.13701923076923078