1 0.7115384615384616 0.15745192307692307 0.25961538461538464 0.1466346153846154
1 0.4963942307692308 0.1622596153846154 0.025240384615384616 0.14423076923076922
1 0.2956730769230769 0.14543269230769232 0.027644230769230768 0.10336538461538461
1 0.7704326923076923 0.2980769230769231 0.027644230769230768 0.12139423076923077
1 0.6862980769230769 0.2980769230769231 0.027644230769230768 0.12860576923076922
1 0.3245192307692308 0.2848557692307692 0.025240384615384616 0.1502403846153846
1 0.6346153846153846 0.4387019230769231 0.025240384615384616 0.12139423076923077
1 0.47475961538461536 0.4387019230769231 0.025240384615384616 0.140625
1 0.5685096153846154 0.5793269230769231 0.03125 0.1466346153846154
1 0.43028846153846156 0.5865384615384616 0.027644230769230768 0.12860576923076922
1 0.3269230769230769 0.5817307692307693 0.027644230769230768 0.1310096153846154
1 0.21394230769230768 0.5865384615384616 0.09014423076923077 0.140625