1 0.24879807692307693 0.16105769230769232 0.25961538461538464 0.1658653846153846
1 0.47596153846153844 0.1502403846153846 0.03485576923076923 0.1502403846153846
1 0.6802884615384616 0.11538461538461539 0.03485576923076923 0.11298076923076923
1 0.20673076923076922 0.31971153846153844 0.025240384615384616 0.12860576923076922
1 0.2956730769230769 0.3137019230769231 0.021634615384615384 0.1346153846153846
1 0.6706730769230769 0.2608173076923077 0.027644230769230768 0.15264423076923078
1 0.3581730769230769 0.4495192307692308 0.021634615384615384 0.125
1 0.5276442307692307 0.4338942307692308 0.03125 0.1502403846153846
1 0.4411057692307692 0.5901442307692307 0.03125 0.14423076923076922
1 0.5829326923076923 0.5817307692307693 0.027644230769230768 0.1310096153846154
1 0.6923076923076923 0.5721153846153846 0.027644230769230768 0.1310096153846154
1 0.8052884615384616 0.5625 0.09014423076923077 0.13701923076923078