1 0.19230769230769232 0.1658653846153846 0.027644230769230768 0.15625
1 0.2764423076923077 0.1622596153846154 0.027644230769230768 0.1502403846153846
1 0.36538461538461536 0.15985576923076922 0.037259615384615384 0.1502403846153846
1 0.4675480769230769 0.15144230769230768 0.05889423076923077 0.15264423076923078
1 0.6262019230769231 0.12139423076923077 0.027644230769230768 0.11298076923076923
1 0.7644230769230769 0.11298076923076923 0.027644230769230768 0.11298076923076923
1 0.15144230769230768 0.31971153846153844 0.027644230769230768 0.12860576923076922
1 0.23918269230769232 0.3161057692307692 0.027644230769230768 0.125
1 0.3245192307692308 0.3076923076923077 0.025240384615384616 0.1346153846153846
1 0.4074519230769231 0.30528846153846156 0.027644230769230768 0.1346153846153846
1 0.484375 0.3016826923076923 0.04326923076923077 0.12860576923076922
1 0.5877403846153846 0.2668269230769231 0.03125 0.15264423076923078
1 0.6706730769230769 0.25961538461538464 0.03485576923076923 0.1502403846153846
1 0.8245192307692307 0.25 0.0625 0.15625
1 0.22355769230769232 0.4579326923076923 0.021634615384615384 0.12139423076923077
1 0.296875 0.453125 0.025240384615384616 0.125
1 0.3798076923076923 0.44711538461538464 0.021634615384615384 0.125
1 0.47596153846153844 0.4387019230769231 0.06610576923076923 0.12860576923076922
1 0.578125 0.4326923076923077 0.025240384615384616 0.1466346153846154
1 0.6514423076923077 0.42788461538461536 0.027644230769230768 0.14423076923076922
1 0.7283653846153846 0.4182692307692308 0.03125 0.14423076923076922
1 0.2091346153846154 0.6129807692307693 0.03125 0.1502403846153846
1 0.265625 0.6057692307692307 0.03125 0.1502403846153846
1 0.31971153846153844 0.5997596153846154 0.027644230769230768 0.1502403846153846
1 0.3713942307692308 0.5973557692307693 0.03125 0.1502403846153846
1 0.4423076923076923 0.5901442307692307 0.027644230769230768 0.14423076923076922
1 0.6526442307692307 0.5769230769230769 0.056490384615384616 0.1346153846153846
1 0.7235576923076923 0.5697115384615384 0.027644230769230768 0.12860576923076922