1 0.22956730769230768 0.15625 0.021634615384615384 0.1502403846153846
1 0.3088942307692308 0.15625 0.025240384615384616 0.14423076923076922
1 0.3942307692307692 0.15985576923076922 0.03125 0.14423076923076922
1 0.4879807692307692 0.15985576923076922 0.04326923076923077 0.1502403846153846
1 0.6466346153846154 0.13942307692307693 0.025240384615384616 0.109375
1 0.7824519230769231 0.140625 0.021634615384615384 0.09975961538461539
1 0.171875 0.30288461538461536 0.025240384615384616 0.11899038461538461
1 0.25600961538461536 0.30288461538461536 0.025240384615384616 0.125
1 0.3401442307692308 0.30288461538461536 0.025240384615384616 0.125
1 0.4254807692307692 0.30288461538461536 0.025240384615384616 0.125
1 0.49399038461538464 0.30288461538461536 0.037259615384615384 0.125
1 0.5997596153846154 0.28125 0.025240384615384616 0.1502403846153846
1 0.6778846153846154 0.2848557692307692 0.025240384615384616 0.1502403846153846
1 0.8221153846153846 0.2776442307692308 0.05048076923076923 0.1502403846153846
1 0.23557692307692307 0.4375 0.021634615384615384 0.11899038461538461
1 0.30528846153846156 0.44350961538461536 0.021634615384615384 0.125
1 0.38461538461538464 0.4411057692307692 0.03125 0.11899038461538461
1 0.47836538461538464 0.4375 0.05048076923076923 0.11899038461538461
1 0.578125 0.4375 0.019230769230769232 0.14423076923076922
1 0.6514423076923077 0.4338942307692308 0.021634615384615384 0.13701923076923078
1 0.7247596153846154 0.4375 0.025240384615384616 0.14423076923076922
1 0.21394230769230768 0.5877403846153846 0.021634615384615384 0.13701923076923078
1 0.2668269230769231 0.5877403846153846 0.021634615384615384 0.14423076923076922
1 0.31850961538461536 0.5841346153846154 0.019230769230769232 0.1502403846153846
1 0.3701923076923077 0.5817307692307693 0.021634615384615384 0.13701923076923078
1 0.4375 0.5817307692307693 0.025240384615384616 0.14423076923076922
1 0.6442307692307693 0.5817307692307693 0.05048076923076923 0.125
1 0.7091346153846154 0.5817307692307693 0.019230769230769232 0.1310096153846154