1 0.7644230769230769 0.13581730769230768 0.03485576923076923 0.1466346153846154
1 0.6634615384615384 0.140625 0.046875 0.1502403846153846
1 0.5661057692307693 0.14543269230769232 0.05048076923076923 0.15264423076923078
1 0.34375 0.1346153846153846 0.04326923076923077 0.11298076923076923
1 0.18870192307692307 0.14182692307692307 0.040865384615384616 0.109375
1 0.8245192307692307 0.2824519230769231 0.04326923076923077 0.12860576923076922
1 0.7199519230769231 0.29086538461538464 0.052884615384615384 0.13701923076923078
1 0.6213942307692307 0.296875 0.05048076923076923 0.1310096153846154
1 0.5324519230769231 0.296875 0.03485576923076923 0.1310096153846154
1 0.375 0.2776442307692308 0.05048076923076923 0.15625
1 0.27403846153846156 0.28125 0.05889423076923077 0.15625
1 0.7620192307692307 0.43149038461538464 0.04326923076923077 0.1310096153846154
1 0.6814903846153846 0.4326923076923077 0.04326923076923077 0.12860576923076922
1 0.5841346153846154 0.4338942307692308 0.05048076923076923 0.125
1 0.4951923076923077 0.4362980769230769 0.027644230769230768 0.12139423076923077
1 0.41586538461538464 0.4411057692307692 0.037259615384615384 0.1502403846153846
1 0.3233173076923077 0.44350961538461536 0.046875 0.1502403846153846
1 0.7980769230769231 0.5769230769230769 0.040865384615384616 0.15264423076923078
1 0.7307692307692307 0.5817307692307693 0.037259615384615384 0.15625
1 0.6730769230769231 0.5793269230769231 0.03485576923076923 0.15264423076923078
1 0.6153846153846154 0.5817307692307693 0.04326923076923077 0.1502403846153846
1 0.3737980769230769 0.5901442307692307 0.03485576923076923 0.1310096153846154
1 0.3233173076923077 0.5901442307692307 0.03485576923076923 0.1310096153846154
1 0.23317307692307693 0.5925480769230769 0.046875 0.1346153846153846