1 0.22355769230769232 0.16346153846153846 0.03485576923076923 0.15264423076923078
1 0.3161057692307692 0.16346153846153846 0.04326923076923077 0.1466346153846154
1 0.41586538461538464 0.16346153846153846 0.04326923076923077 0.1466346153846154
1 0.625 0.13581730769230768 0.037259615384615384 0.109375
1 0.7752403846153846 0.1346153846153846 0.037259615384615384 0.10576923076923077
1 0.16826923076923078 0.3137019230769231 0.03125 0.12139423076923077
1 0.2692307692307692 0.3088942307692308 0.04326923076923077 0.125
1 0.36778846153846156 0.3112980769230769 0.040865384615384616 0.12139423076923077
1 0.453125 0.30649038461538464 0.03125 0.125
1 0.6009615384615384 0.2764423076923077 0.052884615384615384 0.1466346153846154
1 0.7043269230769231 0.27163461538461536 0.052884615384615384 0.1502403846153846
1 0.23798076923076922 0.4483173076923077 0.03125 0.12139423076923077
1 0.31971153846153844 0.44350961538461536 0.040865384615384616 0.11899038461538461
1 0.4110576923076923 0.4423076923076923 0.040865384615384616 0.12139423076923077
1 0.4987980769230769 0.4375 0.021634615384615384 0.11298076923076923
1 0.578125 0.4338942307692308 0.03125 0.14423076923076922
1 0.6634615384615384 0.43149038461538464 0.040865384615384616 0.14423076923076922
1 0.21754807692307693 0.5949519230769231 0.027644230769230768 0.1466346153846154
1 0.2776442307692308 0.5925480769230769 0.03125 0.1466346153846154
1 0.3389423076923077 0.5889423076923077 0.027644230769230768 0.1466346153846154
1 0.3954326923076923 0.5841346153846154 0.03485576923076923 0.14423076923076922
1 0.6262019230769231 0.5817307692307693 0.027644230769230768 0.125
1 0.6802884615384616 0.5745192307692307 0.027644230769230768 0.125
1 0.7668269230769231 0.5685096153846154 0.040865384615384616 0.125