1 0.28846153846153844 0.15745192307692307 0.25961538461538464 0.1466346153846154
1 0.5036057692307693 0.1622596153846154 0.025240384615384616 0.14423076923076922
1 0.7043269230769231 0.14543269230769232 0.027644230769230768 0.10336538461538461
1 0.22956730769230768 0.2980769230769231 0.027644230769230768 0.12139423076923077
1 0.3137019230769231 0.2980769230769231 0.027644230769230768 0.12860576923076922
1 0.6754807692307693 0.2848557692307692 0.025240384615384616 0.1502403846153846
1 0.36538461538461536 0.4387019230769231 0.025240384615384616 0.12139423076923077
1 0.5252403846153846 0.4387019230769231 0.025240384615384616 0.140625
1 0.43149038461538464 0.5793269230769231 0.03125 0.1466346153846154
1 0.5697115384615384 0.5865384615384616 0.027644230769230768 0.12860576923076922
1 0.6730769230769231 0.5817307692307693 0.027644230769230768 0.1310096153846154
1 0.7860576923076923 0.5865384615384616 0.09014423076923077 0.140625