1 0.8004807692307693 0.16706730769230768 0.03125 0.1466346153846154
1 0.6995192307692307 0.15745192307692307 0.04326923076923077 0.1466346153846154
1 0.6009615384615384 0.15264423076923078 0.046875 0.1502403846153846
1 0.3798076923076923 0.1201923076923077 0.040865384615384616 0.109375
1 0.2283653846153846 0.11298076923076923 0.037259615384615384 0.10576923076923077
1 0.84375 0.31850961538461536 0.037259615384615384 0.125
1 0.7391826923076923 0.3137019230769231 0.046875 0.1346153846153846
1 0.640625 0.3112980769230769 0.04326923076923077 0.12860576923076922
1 0.5516826923076923 0.30288461538461536 0.027644230769230768 0.1310096153846154
1 0.3954326923076923 0.2668269230769231 0.046875 0.15264423076923078
1 0.2932692307692308 0.25600961538461536 0.056490384615384616 0.15625
1 0.7692307692307693 0.4579326923076923 0.037259615384615384 0.12860576923076922
1 0.6875 0.4495192307692308 0.037259615384615384 0.125
1 0.5901442307692307 0.4423076923076923 0.04326923076923077 0.12139423076923077
1 0.5012019230769231 0.4362980769230769 0.021634615384615384 0.12139423076923077
1 0.4230769230769231 0.43028846153846156 0.03485576923076923 0.1466346153846154
1 0.3317307692307692 0.4230769230769231 0.04326923076923077 0.1466346153846154
1 0.7872596153846154 0.6057692307692307 0.037259615384615384 0.1502403846153846
1 0.7199519230769231 0.6045673076923077 0.03485576923076923 0.15264423076923078
1 0.6622596153846154 0.5985576923076923 0.03125 0.15264423076923078
1 0.6045673076923077 0.5925480769230769 0.040865384615384616 0.1466346153846154
1 0.3605769230769231 0.578125 0.027644230769230768 0.1310096153846154
1 0.3112980769230769 0.5721153846153846 0.027644230769230768 0.1310096153846154
1 0.22355769230769232 0.5625 0.040865384615384616 0.1310096153846154