1 0.3269230769230769 0.1466346153846154 0.040865384615384616 0.1502403846153846
1 0.4879807692307692 0.15144230769230768 0.0625 0.15264423076923078
1 0.5348557692307693 0.12860576923076922 0.037259615384615384 0.11298076923076923
1 0.6298076923076923 0.12860576923076922 0.03485576923076923 0.11298076923076923
1 0.6947115384615384 0.12860576923076922 0.03485576923076923 0.11298076923076923
1 0.2247596153846154 0.296875 0.025240384615384616 0.1310096153846154
1 0.28125 0.2980769230769231 0.03125 0.12860576923076922
1 0.3701923076923077 0.3004807692307692 0.027644230769230768 0.1310096153846154
1 0.49038461538461536 0.3004807692307692 0.056490384615384616 0.1310096153846154
1 0.5733173076923077 0.27403846153846156 0.027644230769230768 0.15985576923076922
1 0.65625 0.27403846153846156 0.03125 0.15264423076923078
1 0.7127403846153846 0.27524038461538464 0.037259615384615384 0.15625
1 0.17067307692307693 0.4411057692307692 0.040865384615384616 0.125
1 0.3112980769230769 0.4375 0.027644230769230768 0.11899038461538461
1 0.3918269230769231 0.4362980769230769 0.021634615384615384 0.12139423076923077
1 0.4423076923076923 0.4362980769230769 0.027644230769230768 0.12139423076923077
1 0.5300480769230769 0.4375 0.03485576923076923 0.14423076923076922
1 0.6370192307692307 0.4375 0.025240384615384616 0.14423076923076922
1 0.7259615384615384 0.4326923076923077 0.046875 0.1466346153846154
1 0.24278846153846154 0.5877403846153846 0.040865384615384616 0.1502403846153846
1 0.3112980769230769 0.5877403846153846 0.046875 0.1502403846153846
1 0.39903846153846156 0.5877403846153846 0.03485576923076923 0.1502403846153846
1 0.4579326923076923 0.5865384615384616 0.03485576923076923 0.1466346153846154
1 0.6033653846153846 0.5841346153846154 0.037259615384615384 0.1310096153846154
1 0.6983173076923077 0.5841346153846154 0.046875 0.13701923076923078
1 0.7704326923076923 0.5829326923076923 0.046875 0.1346153846153846