1 0.7956730769230769 0.15264423076923078 0.021634615384615384 0.15625
1 0.7115384615384616 0.15264423076923078 0.021634615384615384 0.1502403846153846
1 0.6213942307692307 0.15264423076923078 0.03125 0.1502403846153846
1 0.5204326923076923 0.1502403846153846 0.052884615384615384 0.1502403846153846
1 0.3629807692307692 0.125 0.025240384615384616 0.11298076923076923
1 0.22235576923076922 0.12139423076923077 0.025240384615384616 0.11298076923076923
1 0.84375 0.3076923076923077 0.025240384615384616 0.12860576923076922
1 0.7560096153846154 0.30649038461538464 0.025240384615384616 0.125
1 0.6706730769230769 0.3016826923076923 0.021634615384615384 0.1346153846153846
1 0.5877403846153846 0.3016826923076923 0.025240384615384616 0.1346153846153846
1 0.5108173076923077 0.3016826923076923 0.040865384615384616 0.12860576923076922
1 0.40625 0.2704326923076923 0.025240384615384616 0.15264423076923078
1 0.3233173076923077 0.265625 0.027644230769230768 0.1502403846153846
1 0.16826923076923078 0.2608173076923077 0.056490384615384616 0.15264423076923078
1 0.7752403846153846 0.4483173076923077 0.019230769230769232 0.12139423076923077
1 0.7019230769230769 0.44350961538461536 0.021634615384615384 0.125
1 0.6189903846153846 0.4411057692307692 0.019230769230769232 0.125
1 0.5216346153846154 0.4375 0.0625 0.125
1 0.421875 0.4362980769230769 0.019230769230769232 0.1466346153846154
1 0.3449519230769231 0.43149038461538464 0.021634615384615384 0.14423076923076922
1 0.2692307692307692 0.4254807692307692 0.025240384615384616 0.14423076923076922
1 0.7932692307692307 0.5997596153846154 0.025240384615384616 0.1502403846153846
1 0.7379807692307693 0.5973557692307693 0.025240384615384616 0.1502403846153846
1 0.6826923076923077 0.59375 0.021634615384615384 0.1502403846153846
1 0.6310096153846154 0.5901442307692307 0.025240384615384616 0.1502403846153846
1 0.5612980769230769 0.5877403846153846 0.021634615384615384 0.14423076923076922
1 0.35096153846153844 0.5817307692307693 0.052884615384615384 0.1310096153846154
1 0.28125 0.5769230769230769 0.025240384615384616 0.12860576923076922