1 0.7704326923076923 0.15625 0.021634615384615384 0.1502403846153846
1 0.6911057692307693 0.15625 0.025240384615384616 0.14423076923076922
1 0.6057692307692307 0.15985576923076922 0.03125 0.14423076923076922
1 0.5120192307692307 0.15985576923076922 0.04326923076923077 0.1502403846153846
1 0.35336538461538464 0.13942307692307693 0.025240384615384616 0.109375
1 0.21754807692307693 0.140625 0.021634615384615384 0.09975961538461539
1 0.828125 0.30288461538461536 0.025240384615384616 0.11899038461538461
1 0.7439903846153846 0.30288461538461536 0.025240384615384616 0.125
1 0.6598557692307693 0.30288461538461536 0.025240384615384616 0.125
1 0.5745192307692307 0.30288461538461536 0.025240384615384616 0.125
1 0.5060096153846154 0.30288461538461536 0.037259615384615384 0.125
1 0.40024038461538464 0.28125 0.025240384615384616 0.1502403846153846
1 0.32211538461538464 0.2848557692307692 0.025240384615384616 0.1502403846153846
1 0.1778846153846154 0.2776442307692308 0.05048076923076923 0.1502403846153846
1 0.7644230769230769 0.4375 0.021634615384615384 0.11899038461538461
1 0.6947115384615384 0.44350961538461536 0.021634615384615384 0.125
1 0.6153846153846154 0.4411057692307692 0.03125 0.11899038461538461
1 0.5216346153846154 0.4375 0.05048076923076923 0.11899038461538461
1 0.421875 0.4375 0.019230769230769232 0.14423076923076922
1 0.3485576923076923 0.4338942307692308 0.021634615384615384 0.13701923076923078
1 0.27524038461538464 0.4375 0.025240384615384616 0.14423076923076922
1 0.7860576923076923 0.5877403846153846 0.021634615384615384 0.13701923076923078
1 0.7331730769230769 0.5877403846153846 0.021634615384615384 0.14423076923076922
1 0.6814903846153846 0.5841346153846154 0.019230769230769232 0.1502403846153846
1 0.6298076923076923 0.5817307692307693 0.021634615384615384 0.13701923076923078
1 0.5625 0.5817307692307693 0.025240384615384616 0.14423076923076922
1 0.3557692307692308 0.5817307692307693 0.05048076923076923 0.125
1 0.29086538461538464 0.5817307692307693 0.019230769230769232 0.1310096153846154