1 0.5240384615384616 0.15985576923076922 0.027644230769230768 0.1502403846153846
1 0.3293269230769231 0.14543269230769232 0.052884615384615384 0.11538461538461539
1 0.7872596153846154 0.2932692307692308 0.07451923076923077 0.125
1 0.6778846153846154 0.2956730769230769 0.025240384615384616 0.12139423076923077
1 0.5144230769230769 0.3016826923076923 0.078125 0.12139423076923077
1 0.2860576923076923 0.2860576923076923 0.06610576923076923 0.1466346153846154
1 0.3629807692307692 0.4362980769230769 0.09375 0.140625
1 0.609375 0.4338942307692308 0.025240384615384616 0.11298076923076923
1 0.46274038461538464 0.5865384615384616 0.06850961538461539 0.12860576923076922
1 0.18389423076923078 0.5901442307692307 0.05048076923076923 0.1310096153846154
1 0.1778846153846154 0.44350961538461536 0.056490384615384616 0.14423076923076922