1 0.7560096153846154 0.15144230769230768 0.03125 0.15264423076923078
1 0.6634615384615384 0.15504807692307693 0.040865384615384616 0.1466346153846154
1 0.5637019230769231 0.15745192307692307 0.040865384615384616 0.1466346153846154
1 0.3545673076923077 0.14182692307692307 0.03485576923076923 0.109375
1 0.20432692307692307 0.1502403846153846 0.03485576923076923 0.10576923076923077
1 0.8197115384615384 0.2956730769230769 0.027644230769230768 0.12139423076923077
1 0.7199519230769231 0.296875 0.040865384615384616 0.125
1 0.6213942307692307 0.30528846153846156 0.037259615384615384 0.12139423076923077
1 0.5360576923076923 0.30288461538461536 0.027644230769230768 0.125
1 0.38461538461538464 0.2800480769230769 0.05048076923076923 0.1466346153846154
1 0.2848557692307692 0.2848557692307692 0.05048076923076923 0.1502403846153846
1 0.7572115384615384 0.4326923076923077 0.027644230769230768 0.12139423076923077
1 0.6754807692307693 0.4338942307692308 0.037259615384615384 0.11899038461538461
1 0.5841346153846154 0.4362980769230769 0.037259615384615384 0.12139423076923077
1 0.4951923076923077 0.4375 0.021634615384615384 0.11298076923076923
1 0.4170673076923077 0.4375 0.027644230769230768 0.14423076923076922
1 0.3317307692307692 0.4411057692307692 0.037259615384615384 0.14423076923076922
1 0.7872596153846154 0.5829326923076923 0.025240384615384616 0.1466346153846154
1 0.7235576923076923 0.5793269230769231 0.027644230769230768 0.1466346153846154
1 0.6658653846153846 0.5793269230769231 0.025240384615384616 0.1466346153846154
1 0.609375 0.5817307692307693 0.03125 0.14423076923076922
1 0.375 0.5877403846153846 0.025240384615384616 0.125
1 0.3245192307692308 0.5841346153846154 0.025240384615384616 0.125
1 0.23798076923076922 0.5841346153846154 0.037259615384615384 0.125