1 0.8076923076923077 0.1658653846153846 0.027644230769230768 0.15625
1 0.7235576923076923 0.1622596153846154 0.027644230769230768 0.1502403846153846
1 0.6346153846153846 0.15985576923076922 0.037259615384615384 0.1502403846153846
1 0.5324519230769231 0.15144230769230768 0.05889423076923077 0.15264423076923078
1 0.3737980769230769 0.12139423076923077 0.027644230769230768 0.11298076923076923
1 0.23557692307692307 0.11298076923076923 0.027644230769230768 0.11298076923076923
1 0.8485576923076923 0.31971153846153844 0.027644230769230768 0.12860576923076922
1 0.7608173076923077 0.3161057692307692 0.027644230769230768 0.125
1 0.6754807692307693 0.3076923076923077 0.025240384615384616 0.1346153846153846
1 0.5925480769230769 0.30528846153846156 0.027644230769230768 0.1346153846153846
1 0.515625 0.3016826923076923 0.04326923076923077 0.12860576923076922
1 0.41225961538461536 0.2668269230769231 0.03125 0.15264423076923078
1 0.3293269230769231 0.25961538461538464 0.03485576923076923 0.1502403846153846
1 0.17548076923076922 0.25 0.0625 0.15625
1 0.7764423076923077 0.4579326923076923 0.021634615384615384 0.12139423076923077
1 0.703125 0.453125 0.025240384615384616 0.125
1 0.6201923076923077 0.44711538461538464 0.021634615384615384 0.125
1 0.5240384615384616 0.4387019230769231 0.06610576923076923 0.12860576923076922
1 0.421875 0.4326923076923077 0.025240384615384616 0.1466346153846154
1 0.3485576923076923 0.42788461538461536 0.027644230769230768 0.14423076923076922
1 0.27163461538461536 0.4182692307692308 0.03125 0.14423076923076922
1 0.7908653846153846 0.6129807692307693 0.03125 0.1502403846153846
1 0.734375 0.6057692307692307 0.03125 0.1502403846153846
1 0.6802884615384616 0.5997596153846154 0.027644230769230768 0.1502403846153846
1 0.6286057692307693 0.5973557692307693 0.03125 0.1502403846153846
1 0.5576923076923077 0.5901442307692307 0.027644230769230768 0.14423076923076922
1 0.3473557692307692 0.5769230769230769 0.056490384615384616 0.1346153846153846
1 0.2764423076923077 0.5697115384615384 0.027644230769230768 0.12860576923076922