1 0.24519230769230768 0.16346153846153846 0.265625 0.15985576923076922
1 0.46875 0.15144230769230768 0.03125 0.1466346153846154
1 0.671875 0.11057692307692307 0.03125 0.109375
1 0.203125 0.3245192307692308 0.03125 0.1310096153846154
1 0.2920673076923077 0.31850961538461536 0.027644230769230768 0.1310096153846154
1 0.6634615384615384 0.25961538461538464 0.027644230769230768 0.15625
1 0.3545673076923077 0.453125 0.027644230769230768 0.125
1 0.5252403846153846 0.4338942307692308 0.03125 0.1502403846153846
1 0.44350961538461536 0.5889423076923077 0.03125 0.1466346153846154
1 0.5829326923076923 0.5793269230769231 0.03485576923076923 0.1346153846153846
1 0.6911057692307693 0.5697115384615384 0.03125 0.1346153846153846
1 0.8076923076923077 0.5576923076923077 0.09735576923076923 0.140625