1 0.27524038461538464 0.171875 0.03125 0.14423076923076922
1 0.4411057692307692 0.1622596153846154 0.03125 0.14423076923076922
1 0.5673076923076923 0.13221153846153846 0.027644230769230768 0.109375
1 0.6526442307692307 0.1346153846153846 0.03125 0.11298076923076923
1 0.1875 0.32211538461538464 0.08774038461538461 0.1310096153846154
1 0.3016826923076923 0.3125 0.027644230769230768 0.125
1 0.3870192307692308 0.3125 0.037259615384615384 0.125
1 0.47836538461538464 0.30528846153846156 0.04326923076923077 0.12139423076923077
1 0.5721153846153846 0.2776442307692308 0.037259615384615384 0.1502403846153846
1 0.7139423076923077 0.2704326923076923 0.03485576923076923 0.15264423076923078
1 0.23557692307692307 0.453125 0.027644230769230768 0.11899038461538461
1 0.3161057692307692 0.4495192307692308 0.037259615384615384 0.125
1 0.421875 0.44350961538461536 0.0625 0.11899038461538461
1 0.5240384615384616 0.4362980769230769 0.040865384615384616 0.1466346153846154
1 0.6105769230769231 0.43149038461538464 0.03485576923076923 0.14423076923076922
1 0.7139423076923077 0.4230769230769231 0.03485576923076923 0.140625
1 0.20192307692307693 0.5997596153846154 0.05889423076923077 0.1502403846153846
1 0.3016826923076923 0.5949519230769231 0.03485576923076923 0.1466346153846154
1 0.38461538461538464 0.5877403846153846 0.037259615384615384 0.1502403846153846
1 0.5793269230769231 0.5793269230769231 0.03485576923076923 0.12860576923076922
1 0.6598557692307693 0.5769230769230769 0.037259615384615384 0.12860576923076922
1 0.8064903846153846 0.5673076923076923 0.07451923076923077 0.1346153846153846