1 0.3004807692307692 0.15625 0.025240384615384616 0.14423076923076922
1 0.4651442307692308 0.15985576923076922 0.025240384615384616 0.14423076923076922
1 0.5901442307692307 0.13942307692307693 0.025240384615384616 0.109375
1 0.6766826923076923 0.14423076923076922 0.027644230769230768 0.11298076923076923
1 0.20192307692307693 0.3016826923076923 0.08413461538461539 0.12860576923076922
1 0.3161057692307692 0.3004807692307692 0.025240384615384616 0.125
1 0.40024038461538464 0.30649038461538464 0.03125 0.125
1 0.49278846153846156 0.30528846153846156 0.040865384615384616 0.12139423076923077
1 0.5841346153846154 0.2848557692307692 0.03125 0.1502403846153846
1 0.7295673076923077 0.2860576923076923 0.027644230769230768 0.15264423076923078
1 0.2403846153846154 0.4338942307692308 0.025240384615384616 0.11899038461538461
1 0.32211538461538464 0.4375 0.03125 0.125
1 0.4266826923076923 0.4375 0.05889423076923077 0.11899038461538461
1 0.5264423076923077 0.4387019230769231 0.03485576923076923 0.1466346153846154
1 0.6141826923076923 0.4375 0.027644230769230768 0.14423076923076922
1 0.7175480769230769 0.4387019230769231 0.027644230769230768 0.140625
1 0.19471153846153846 0.5817307692307693 0.052884615384615384 0.1502403846153846
1 0.2956730769230769 0.5793269230769231 0.027644230769230768 0.1466346153846154
1 0.3786057692307692 0.5817307692307693 0.03125 0.1502403846153846
1 0.5733173076923077 0.5865384615384616 0.027644230769230768 0.12860576923076922
1 0.6526442307692307 0.5865384615384616 0.03125 0.12860576923076922
1 0.8004807692307693 0.5877403846153846 0.06850961538461539 0.1310096153846154