1 0.6935096153846154 0.15625 0.037259615384615384 0.1502403846153846
1 0.5324519230769231 0.1502403846153846 0.05889423076923077 0.1502403846153846
1 0.4879807692307692 0.125 0.037259615384615384 0.11298076923076923
1 0.3918269230769231 0.12139423076923077 0.03485576923076923 0.11298076923076923
1 0.3269230769230769 0.11899038461538461 0.03485576923076923 0.11298076923076923
1 0.7872596153846154 0.3125 0.025240384615384616 0.1310096153846154
1 0.7307692307692307 0.3112980769230769 0.03125 0.12860576923076922
1 0.6418269230769231 0.30649038461538464 0.027644230769230768 0.1310096153846154
1 0.5216346153846154 0.2980769230769231 0.056490384615384616 0.12860576923076922
1 0.4411057692307692 0.2704326923076923 0.025240384615384616 0.15985576923076922
1 0.3581730769230769 0.2644230769230769 0.027644230769230768 0.15264423076923078
1 0.3016826923076923 0.2620192307692308 0.03485576923076923 0.15625
1 0.8329326923076923 0.4567307692307692 0.040865384615384616 0.125
1 0.6923076923076923 0.44711538461538464 0.027644230769230768 0.11899038461538461
1 0.6105769230769231 0.4423076923076923 0.021634615384615384 0.12139423076923077
1 0.5612980769230769 0.4387019230769231 0.027644230769230768 0.12139423076923077
1 0.47475961538461536 0.4338942307692308 0.03125 0.14423076923076922
1 0.36778846153846156 0.43149038461538464 0.021634615384615384 0.14423076923076922
1 0.2776442307692308 0.4206730769230769 0.04326923076923077 0.1466346153846154
1 0.7536057692307693 0.6033653846153846 0.037259615384615384 0.1502403846153846
1 0.6838942307692307 0.5973557692307693 0.04326923076923077 0.1502403846153846
1 0.5973557692307693 0.59375 0.03125 0.1502403846153846
1 0.5372596153846154 0.5865384615384616 0.03125 0.1466346153846154
1 0.3942307692307692 0.5817307692307693 0.037259615384615384 0.1310096153846154
1 0.296875 0.5745192307692307 0.04326923076923077 0.13701923076923078
1 0.22596153846153846 0.5697115384615384 0.046875 0.1346153846153846