1 0.6995192307692307 0.15625 0.025240384615384616 0.14423076923076922
1 0.5348557692307693 0.15985576923076922 0.025240384615384616 0.14423076923076922
1 0.4098557692307692 0.13942307692307693 0.025240384615384616 0.109375
1 0.3233173076923077 0.14423076923076922 0.027644230769230768 0.11298076923076923
1 0.7980769230769231 0.3016826923076923 0.08413461538461539 0.12860576923076922
1 0.6838942307692307 0.3004807692307692 0.025240384615384616 0.125
1 0.5997596153846154 0.30649038461538464 0.03125 0.125
1 0.5072115384615384 0.30528846153846156 0.040865384615384616 0.12139423076923077
1 0.41586538461538464 0.2848557692307692 0.03125 0.1502403846153846
1 0.2704326923076923 0.2860576923076923 0.027644230769230768 0.15264423076923078
1 0.7596153846153846 0.4338942307692308 0.025240384615384616 0.11899038461538461
1 0.6778846153846154 0.4375 0.03125 0.125
1 0.5733173076923077 0.4375 0.05889423076923077 0.11899038461538461
1 0.4735576923076923 0.4387019230769231 0.03485576923076923 0.1466346153846154
1 0.3858173076923077 0.4375 0.027644230769230768 0.14423076923076922
1 0.2824519230769231 0.4387019230769231 0.027644230769230768 0.140625
1 0.8052884615384616 0.5817307692307693 0.052884615384615384 0.1502403846153846
1 0.7043269230769231 0.5793269230769231 0.027644230769230768 0.1466346153846154
1 0.6213942307692307 0.5817307692307693 0.03125 0.1502403846153846
1 0.4266826923076923 0.5865384615384616 0.027644230769230768 0.12860576923076922
1 0.3473557692307692 0.5865384615384616 0.03125 0.12860576923076922
1 0.19951923076923078 0.5877403846153846 0.06850961538461539 0.1310096153846154