1 0.3125 0.1502403846153846 0.03125 0.14423076923076922
1 0.47475961538461536 0.15985576923076922 0.03125 0.14423076923076922
1 0.6045673076923077 0.14182692307692307 0.027644230769230768 0.109375
1 0.6911057692307693 0.1502403846153846 0.03125 0.11298076923076923
1 0.2091346153846154 0.29086538461538464 0.08774038461538461 0.1310096153846154
1 0.3233173076923077 0.2932692307692308 0.027644230769230768 0.125
1 0.4098557692307692 0.30288461538461536 0.037259615384615384 0.125
1 0.5 0.30528846153846156 0.04326923076923077 0.12139423076923077
1 0.59375 0.28725961538461536 0.037259615384615384 0.1502403846153846
1 0.7355769230769231 0.2956730769230769 0.03485576923076923 0.15264423076923078
1 0.24278846153846154 0.4254807692307692 0.027644230769230768 0.11899038461538461
1 0.32211538461538464 0.43149038461538464 0.037259615384615384 0.125
1 0.42788461538461536 0.4375 0.0625 0.11899038461538461
1 0.5300480769230769 0.4387019230769231 0.040865384615384616 0.1466346153846154
1 0.6177884615384616 0.44350961538461536 0.03485576923076923 0.14423076923076922
1 0.7199519230769231 0.44471153846153844 0.03485576923076923 0.140625
1 0.19230769230769232 0.5685096153846154 0.05889423076923077 0.1502403846153846
1 0.2920673076923077 0.5733173076923077 0.03485576923076923 0.1466346153846154
1 0.375 0.5745192307692307 0.037259615384615384 0.1502403846153846
1 0.5697115384615384 0.5865384615384616 0.03485576923076923 0.12860576923076922
1 0.6502403846153846 0.5925480769230769 0.037259615384615384 0.12860576923076922
1 0.796875 0.5985576923076923 0.07451923076923077 0.1346153846153846