1 0.7512019230769231 0.14543269230769232 0.03485576923076923 0.15264423076923078
1 0.6598557692307693 0.15144230769230768 0.04326923076923077 0.1466346153846154
1 0.5588942307692307 0.15745192307692307 0.04326923076923077 0.1466346153846154
1 0.34975961538461536 0.14543269230769232 0.037259615384615384 0.109375
1 0.19951923076923078 0.15625 0.037259615384615384 0.10576923076923077
1 0.8161057692307693 0.2920673076923077 0.03125 0.12139423076923077
1 0.7151442307692307 0.2932692307692308 0.04326923076923077 0.125
1 0.6201923076923077 0.3016826923076923 0.040865384615384616 0.12139423076923077
1 0.5348557692307693 0.30288461538461536 0.03125 0.125
1 0.38221153846153844 0.2824519230769231 0.052884615384615384 0.1466346153846154
1 0.2800480769230769 0.28725961538461536 0.052884615384615384 0.1502403846153846
1 0.7596153846153846 0.43028846153846156 0.03125 0.12139423076923077
1 0.6766826923076923 0.43149038461538464 0.040865384615384616 0.11899038461538461
1 0.5865384615384616 0.4362980769230769 0.040865384615384616 0.12139423076923077
1 0.4987980769230769 0.4375 0.021634615384615384 0.11298076923076923
1 0.4182692307692308 0.4411057692307692 0.03125 0.14423076923076922
1 0.3329326923076923 0.44350961538461536 0.040865384615384616 0.14423076923076922
1 0.7884615384615384 0.5769230769230769 0.027644230769230768 0.1466346153846154
1 0.7283653846153846 0.5769230769230769 0.03125 0.1466346153846154
1 0.6670673076923077 0.5769230769230769 0.027644230769230768 0.1466346153846154
1 0.6105769230769231 0.578125 0.03485576923076923 0.14423076923076922
1 0.3798076923076923 0.5901442307692307 0.027644230769230768 0.125
1 0.3269230769230769 0.5877403846153846 0.027644230769230768 0.125
1 0.23918269230769232 0.5877403846153846 0.040865384615384616 0.125