1 0.7548076923076923 0.16346153846153846 0.265625 0.15985576923076922
1 0.53125 0.15144230769230768 0.03125 0.1466346153846154
1 0.328125 0.11057692307692307 0.03125 0.109375
1 0.796875 0.3245192307692308 0.03125 0.1310096153846154
1 0.7079326923076923 0.31850961538461536 0.027644230769230768 0.1310096153846154
1 0.33653846153846156 0.25961538461538464 0.027644230769230768 0.15625
1 0.6454326923076923 0.453125 0.027644230769230768 0.125
1 0.47475961538461536 0.4338942307692308 0.03125 0.1502403846153846
1 0.5564903846153846 0.5889423076923077 0.03125 0.1466346153846154
1 0.4170673076923077 0.5793269230769231 0.03485576923076923 0.1346153846153846
1 0.3088942307692308 0.5697115384615384 0.03125 0.1346153846153846
1 0.19230769230769232 0.5576923076923077 0.09735576923076923 0.140625