1 0.25600961538461536 0.15745192307692307 0.25600961538461536 0.15985576923076922
1 0.484375 0.1502403846153846 0.03125 0.1502403846153846
1 0.6887019230769231 0.11899038461538461 0.03485576923076923 0.11298076923076923
1 0.2091346153846154 0.3137019230769231 0.025240384615384616 0.12860576923076922
1 0.2980769230769231 0.3076923076923077 0.021634615384615384 0.1346153846153846
1 0.671875 0.2644230769230769 0.025240384615384616 0.15264423076923078
1 0.3581730769230769 0.44711538461538464 0.021634615384615384 0.125
1 0.5264423076923077 0.4338942307692308 0.027644230769230768 0.1502403846153846
1 0.4387019230769231 0.5901442307692307 0.027644230769230768 0.14423076923076922
1 0.5793269230769231 0.5841346153846154 0.027644230769230768 0.1310096153846154
1 0.6887019230769231 0.5745192307692307 0.027644230769230768 0.1310096153846154
1 0.8016826923076923 0.5697115384615384 0.09014423076923077 0.1346153846153846