1 0.5612980769230769 0.1622596153846154 0.03485576923076923 0.1502403846153846
1 0.36899038461538464 0.12980769230769232 0.056490384615384616 0.11538461538461539
1 0.8088942307692307 0.3269230769230769 0.08173076923076923 0.12860576923076922
1 0.703125 0.3173076923076923 0.03125 0.12139423076923077
1 0.5360576923076923 0.30288461538461536 0.08413461538461539 0.125
1 0.3112980769230769 0.265625 0.07211538461538461 0.1502403846153846
1 0.3701923076923077 0.421875 0.09735576923076923 0.14423076923076922
1 0.6177884615384616 0.44350961538461536 0.027644230769230768 0.11298076923076923
1 0.4543269230769231 0.5817307692307693 0.07211538461538461 0.1310096153846154
1 0.18028846153846154 0.5564903846153846 0.052884615384615384 0.1310096153846154
1 0.1875 0.4110576923076923 0.0625 0.1466346153846154