1 0.46875 0.15985576923076922 0.025240384615384616 0.1502403846153846
1 0.6622596153846154 0.14182692307692307 0.05048076923076923 0.11538461538461539
1 0.20673076923076922 0.3004807692307692 0.07451923076923077 0.125
1 0.3161057692307692 0.2980769230769231 0.025240384615384616 0.12139423076923077
1 0.4831730769230769 0.3016826923076923 0.078125 0.12139423076923077
1 0.7091346153846154 0.2824519230769231 0.0625 0.1466346153846154
1 0.6394230769230769 0.4362980769230769 0.09014423076923077 0.140625
1 0.390625 0.4338942307692308 0.025240384615384616 0.11298076923076923
1 0.5384615384615384 0.5829326923076923 0.06610576923076923 0.12860576923076922
1 0.8173076923076923 0.5841346153846154 0.046875 0.1310096153846154
1 0.8233173076923077 0.4375 0.052884615384615384 0.14423076923076922