1 0.7307692307692307 0.16826923076923078 0.2620192307692308 0.1502403846153846
1 0.5144230769230769 0.1622596153846154 0.027644230769230768 0.14423076923076922
1 0.3125 0.13581730769230768 0.03125 0.10336538461538461
1 0.7776442307692307 0.3112980769230769 0.03125 0.12139423076923077
1 0.6935096153846154 0.3076923076923077 0.03125 0.12860576923076922
1 0.33653846153846156 0.27524038461538464 0.027644230769230768 0.1502403846153846
1 0.6358173076923077 0.44471153846153844 0.027644230769230768 0.12139423076923077
1 0.4795673076923077 0.4387019230769231 0.027644230769230768 0.140625
1 0.5637019230769231 0.5829326923076923 0.03485576923076923 0.1466346153846154
1 0.4254807692307692 0.5793269230769231 0.03125 0.12860576923076922
1 0.32211538461538464 0.5721153846153846 0.03125 0.1310096153846154
1 0.2091346153846154 0.5697115384615384 0.09375 0.140625