1 0.47596153846153844 0.15985576923076922 0.027644230769230768 0.1502403846153846
1 0.6706730769230769 0.14543269230769232 0.052884615384615384 0.11538461538461539
1 0.2127403846153846 0.2932692307692308 0.07451923076923077 0.125
1 0.32211538461538464 0.2956730769230769 0.025240384615384616 0.12139423076923077
1 0.4855769230769231 0.3016826923076923 0.078125 0.12139423076923077
1 0.7139423076923077 0.2860576923076923 0.06610576923076923 0.1466346153846154
1 0.6370192307692307 0.4362980769230769 0.09375 0.140625
1 0.390625 0.4338942307692308 0.025240384615384616 0.11298076923076923
1 0.5372596153846154 0.5865384615384616 0.06850961538461539 0.12860576923076922
1 0.8161057692307693 0.5901442307692307 0.05048076923076923 0.1310096153846154
1 0.8221153846153846 0.44350961538461536 0.056490384615384616 0.14423076923076922