1 0.28725961538461536 0.13581730769230768 0.2692307692307692 0.1658653846153846
1 0.5144230769230769 0.14903846153846154 0.03485576923076923 0.1466346153846154
1 0.71875 0.13581730769230768 0.03125 0.109375
1 0.22596153846153846 0.29086538461538464 0.03485576923076923 0.1310096153846154
1 0.3161057692307692 0.2932692307692308 0.03125 0.1310096153846154
1 0.6923076923076923 0.28125 0.027644230769230768 0.15625
1 0.3629807692307692 0.4338942307692308 0.03125 0.125
1 0.53125 0.4375 0.03125 0.1502403846153846
1 0.4326923076923077 0.5829326923076923 0.03485576923076923 0.1466346153846154
1 0.5721153846153846 0.5877403846153846 0.037259615384615384 0.13701923076923078
1 0.6802884615384616 0.5925480769230769 0.03485576923076923 0.1346153846153846
1 0.8004807692307693 0.59375 0.09975961538461539 0.14423076923076922