1 0.7127403846153846 0.13581730769230768 0.2692307692307692 0.1658653846153846
1 0.4855769230769231 0.14903846153846154 0.03485576923076923 0.1466346153846154
1 0.28125 0.13581730769230768 0.03125 0.109375
1 0.7740384615384616 0.29086538461538464 0.03485576923076923 0.1310096153846154
1 0.6838942307692307 0.2932692307692308 0.03125 0.1310096153846154
1 0.3076923076923077 0.28125 0.027644230769230768 0.15625
1 0.6370192307692307 0.4338942307692308 0.03125 0.125
1 0.46875 0.4375 0.03125 0.1502403846153846
1 0.5673076923076923 0.5829326923076923 0.03485576923076923 0.1466346153846154
1 0.42788461538461536 0.5877403846153846 0.037259615384615384 0.13701923076923078
1 0.31971153846153844 0.5925480769230769 0.03485576923076923 0.1346153846153846
1 0.19951923076923078 0.59375 0.09975961538461539 0.14423076923076922