1 0.7860576923076923 0.1658653846153846 0.027644230769230768 0.1502403846153846
1 0.7043269230769231 0.1622596153846154 0.027644230769230768 0.14423076923076922
1 0.6189903846153846 0.1658653846153846 0.037259615384615384 0.14423076923076922
1 0.5252403846153846 0.15985576923076922 0.05048076923076923 0.1502403846153846
1 0.36899038461538464 0.13581730769230768 0.03125 0.109375
1 0.23076923076923078 0.1310096153846154 0.025240384615384616 0.09975961538461539
1 0.8377403846153846 0.3137019230769231 0.03125 0.12139423076923077
1 0.7536057692307693 0.3112980769230769 0.03125 0.12860576923076922
1 0.6670673076923077 0.3088942307692308 0.027644230769230768 0.125
1 0.5829326923076923 0.30649038461538464 0.027644230769230768 0.125
1 0.5144230769230769 0.30288461538461536 0.040865384615384616 0.125
1 0.4110576923076923 0.2800480769230769 0.027644230769230768 0.15264423076923078
1 0.3329326923076923 0.2776442307692308 0.027644230769230768 0.1502403846153846
1 0.18629807692307693 0.265625 0.052884615384615384 0.1502403846153846
1 0.7692307692307693 0.4483173076923077 0.025240384615384616 0.12139423076923077
1 0.6995192307692307 0.4519230769230769 0.025240384615384616 0.12860576923076922
1 0.6177884615384616 0.44471153846153844 0.03485576923076923 0.12139423076923077
1 0.5252403846153846 0.4387019230769231 0.056490384615384616 0.12139423076923077
1 0.4254807692307692 0.4338942307692308 0.025240384615384616 0.14423076923076922
1 0.35096153846153844 0.43028846153846156 0.027644230769230768 0.140625
1 0.2800480769230769 0.42788461538461536 0.027644230769230768 0.14423076923076922
1 0.7860576923076923 0.5949519230769231 0.027644230769230768 0.140625
1 0.7295673076923077 0.5949519230769231 0.027644230769230768 0.1466346153846154
1 0.6814903846153846 0.5901442307692307 0.025240384615384616 0.1502403846153846
1 0.6262019230769231 0.5865384615384616 0.027644230769230768 0.140625
1 0.5625 0.5841346153846154 0.03125 0.14423076923076922
1 0.3557692307692308 0.578125 0.056490384615384616 0.125
1 0.28846153846153844 0.5745192307692307 0.021634615384615384 0.1310096153846154