1 0.6730769230769231 0.1466346153846154 0.040865384615384616 0.1502403846153846
1 0.5120192307692307 0.15144230769230768 0.0625 0.15264423076923078
1 0.4651442307692308 0.12860576923076922 0.037259615384615384 0.11298076923076923
1 0.3701923076923077 0.12860576923076922 0.03485576923076923 0.11298076923076923
1 0.30528846153846156 0.12860576923076922 0.03485576923076923 0.11298076923076923
1 0.7752403846153846 0.296875 0.025240384615384616 0.1310096153846154
1 0.71875 0.2980769230769231 0.03125 0.12860576923076922
1 0.6298076923076923 0.3004807692307692 0.027644230769230768 0.1310096153846154
1 0.5096153846153846 0.3004807692307692 0.056490384615384616 0.1310096153846154
1 0.4266826923076923 0.27403846153846156 0.027644230769230768 0.15985576923076922
1 0.34375 0.27403846153846156 0.03125 0.15264423076923078
1 0.28725961538461536 0.27524038461538464 0.037259615384615384 0.15625
1 0.8293269230769231 0.4411057692307692 0.040865384615384616 0.125
1 0.6887019230769231 0.4375 0.027644230769230768 0.11899038461538461
1 0.6081730769230769 0.4362980769230769 0.021634615384615384 0.12139423076923077
1 0.5576923076923077 0.4362980769230769 0.027644230769230768 0.12139423076923077
1 0.4699519230769231 0.4375 0.03485576923076923 0.14423076923076922
1 0.3629807692307692 0.4375 0.025240384615384616 0.14423076923076922
1 0.27403846153846156 0.4326923076923077 0.046875 0.1466346153846154
1 0.7572115384615384 0.5877403846153846 0.040865384615384616 0.1502403846153846
1 0.6887019230769231 0.5877403846153846 0.046875 0.1502403846153846
1 0.6009615384615384 0.5877403846153846 0.03485576923076923 0.1502403846153846
1 0.5420673076923077 0.5865384615384616 0.03485576923076923 0.1466346153846154
1 0.39663461538461536 0.5841346153846154 0.037259615384615384 0.1310096153846154
1 0.3016826923076923 0.5841346153846154 0.046875 0.13701923076923078
1 0.22956730769230768 0.5829326923076923 0.046875 0.1346153846153846