1 0.6875 0.1502403846153846 0.03125 0.14423076923076922
1 0.5252403846153846 0.15985576923076922 0.03125 0.14423076923076922
1 0.3954326923076923 0.14182692307692307 0.027644230769230768 0.109375
1 0.3088942307692308 0.1502403846153846 0.03125 0.11298076923076923
1 0.7908653846153846 0.29086538461538464 0.08774038461538461 0.1310096153846154
1 0.6766826923076923 0.2932692307692308 0.027644230769230768 0.125
1 0.5901442307692307 0.30288461538461536 0.037259615384615384 0.125
1 0.5 0.30528846153846156 0.04326923076923077 0.12139423076923077
1 0.40625 0.28725961538461536 0.037259615384615384 0.1502403846153846
1 0.2644230769230769 0.2956730769230769 0.03485576923076923 0.15264423076923078
1 0.7572115384615384 0.4254807692307692 0.027644230769230768 0.11899038461538461
1 0.6778846153846154 0.43149038461538464 0.037259615384615384 0.125
1 0.5721153846153846 0.4375 0.0625 0.11899038461538461
1 0.4699519230769231 0.4387019230769231 0.040865384615384616 0.1466346153846154
1 0.38221153846153844 0.44350961538461536 0.03485576923076923 0.14423076923076922
1 0.2800480769230769 0.44471153846153844 0.03485576923076923 0.140625
1 0.8076923076923077 0.5685096153846154 0.05889423076923077 0.1502403846153846
1 0.7079326923076923 0.5733173076923077 0.03485576923076923 0.1466346153846154
1 0.625 0.5745192307692307 0.037259615384615384 0.1502403846153846
1 0.43028846153846156 0.5865384615384616 0.03485576923076923 0.12860576923076922
1 0.34975961538461536 0.5925480769230769 0.037259615384615384 0.12860576923076922
1 0.203125 0.5985576923076923 0.07451923076923077 0.1346153846153846