1 0.7764423076923077 0.16346153846153846 0.03485576923076923 0.15264423076923078
1 0.6838942307692307 0.16346153846153846 0.04326923076923077 0.1466346153846154
1 0.5841346153846154 0.16346153846153846 0.04326923076923077 0.1466346153846154
1 0.375 0.13581730769230768 0.037259615384615384 0.109375
1 0.2247596153846154 0.1346153846153846 0.037259615384615384 0.10576923076923077
1 0.8317307692307693 0.3137019230769231 0.03125 0.12139423076923077
1 0.7307692307692307 0.3088942307692308 0.04326923076923077 0.125
1 0.6322115384615384 0.3112980769230769 0.040865384615384616 0.12139423076923077
1 0.546875 0.30649038461538464 0.03125 0.125
1 0.39903846153846156 0.2764423076923077 0.052884615384615384 0.1466346153846154
1 0.2956730769230769 0.27163461538461536 0.052884615384615384 0.1502403846153846
1 0.7620192307692307 0.4483173076923077 0.03125 0.12139423076923077
1 0.6802884615384616 0.44350961538461536 0.040865384615384616 0.11899038461538461
1 0.5889423076923077 0.4423076923076923 0.040865384615384616 0.12139423076923077
1 0.5012019230769231 0.4375 0.021634615384615384 0.11298076923076923
1 0.421875 0.4338942307692308 0.03125 0.14423076923076922
1 0.33653846153846156 0.43149038461538464 0.040865384615384616 0.14423076923076922
1 0.7824519230769231 0.5949519230769231 0.027644230769230768 0.1466346153846154
1 0.7223557692307693 0.5925480769230769 0.03125 0.1466346153846154
1 0.6610576923076923 0.5889423076923077 0.027644230769230768 0.1466346153846154
1 0.6045673076923077 0.5841346153846154 0.03485576923076923 0.14423076923076922
1 0.3737980769230769 0.5817307692307693 0.027644230769230768 0.125
1 0.31971153846153844 0.5745192307692307 0.027644230769230768 0.125
1 0.23317307692307693 0.5685096153846154 0.040865384615384616 0.125