1 0.8076923076923077 0.15985576923076922 0.040865384615384616 0.1502403846153846
1 0.5925480769230769 0.15144230769230768 0.1466346153846154 0.15985576923076922
1 0.4026442307692308 0.12139423076923077 0.01201923076923077 0.11298076923076923
1 0.33653846153846156 0.11778846153846154 0.015625 0.109375
1 0.1875 0.11057692307692307 0.06850961538461539 0.11538461538461539
1 0.8449519230769231 0.3137019230769231 0.03485576923076923 0.1346153846153846
1 0.7427884615384616 0.3112980769230769 0.040865384615384616 0.12860576923076922
1 0.6418269230769231 0.30649038461538464 0.040865384615384616 0.1310096153846154
1 0.5420673076923077 0.2980769230769231 0.046875 0.12860576923076922
1 0.4254807692307692 0.2704326923076923 0.03125 0.15985576923076922
1 0.2776442307692308 0.2608173076923077 0.037259615384615384 0.15264423076923078
1 0.7079326923076923 0.44711538461538464 0.046875 0.125
1 0.625 0.44350961538461536 0.04326923076923077 0.125
1 0.4230769230769231 0.43149038461538464 0.03485576923076923 0.14423076923076922
1 0.33653846153846156 0.4230769230769231 0.027644230769230768 0.1466346153846154
1 0.2548076923076923 0.4206730769230769 0.03485576923076923 0.1466346153846154
1 0.8161057692307693 0.6045673076923077 0.037259615384615384 0.15264423076923078
1 0.7223557692307693 0.5949519230769231 0.037259615384615384 0.15985576923076922
1 0.65625 0.59375 0.03125 0.1502403846153846
1 0.5985576923076923 0.5925480769230769 0.040865384615384616 0.15264423076923078
1 0.5120192307692307 0.5829326923076923 0.03125 0.1466346153846154
1 0.3137019230769231 0.5745192307692307 0.03485576923076923 0.1310096153846154
1 0.19471153846153846 0.5673076923076923 0.10336538461538461 0.140625