1 0.16706730769230768 0.140625 0.046875 0.15625
1 0.3762019230769231 0.1466346153846154 0.040865384615384616 0.1502403846153846
1 0.4675480769230769 0.1502403846153846 0.03485576923076923 0.1502403846153846
1 0.6802884615384616 0.12860576923076922 0.15264423076923078 0.11899038461538461
1 0.2283653846153846 0.2956730769230769 0.03125 0.1346153846153846
1 0.3016826923076923 0.296875 0.027644230769230768 0.1310096153846154
1 0.4206730769230769 0.2980769230769231 0.09014423076923077 0.1346153846153846
1 0.5889423076923077 0.27403846153846156 0.03485576923076923 0.15985576923076922
1 0.1814903846153846 0.4338942307692308 0.056490384615384616 0.125
1 0.2692307692307692 0.4362980769230769 0.01201923076923077 0.12139423076923077
1 0.3389423076923077 0.4338942307692308 0.015625 0.11899038461538461
1 0.42788461538461536 0.4362980769230769 0.056490384615384616 0.12860576923076922
1 0.5733173076923077 0.4338942307692308 0.021634615384615384 0.14423076923076922
1 0.6105769230769231 0.4338942307692308 0.021634615384615384 0.1502403846153846
1 0.6766826923076923 0.4338942307692308 0.015625 0.14423076923076922
1 0.2692307692307692 0.5841346153846154 0.09375 0.1502403846153846
1 0.36778846153846156 0.5829326923076923 0.040865384615384616 0.140625
1 0.43149038461538464 0.5841346153846154 0.05048076923076923 0.14423076923076922
1 0.4963942307692308 0.5817307692307693 0.03125 0.14423076923076922
1 0.5612980769230769 0.5841346153846154 0.052884615384615384 0.13701923076923078
1 0.6574519230769231 0.5829326923076923 0.040865384615384616 0.12860576923076922