1 0.2800480769230769 0.16706730769230768 0.027644230769230768 0.1466346153846154
1 0.44711538461538464 0.15745192307692307 0.025240384615384616 0.15264423076923078
1 0.5697115384615384 0.13581730769230768 0.03485576923076923 0.10336538461538461
1 0.6502403846153846 0.1346153846153846 0.025240384615384616 0.09975961538461539
1 0.18870192307692307 0.3161057692307692 0.09735576923076923 0.1310096153846154
1 0.3233173076923077 0.3125 0.021634615384615384 0.125
1 0.3942307692307692 0.3112980769230769 0.03125 0.1346153846153846
1 0.4855769230769231 0.30528846153846156 0.040865384615384616 0.12860576923076922
1 0.5769230769230769 0.2800480769230769 0.040865384615384616 0.15264423076923078
1 0.71875 0.2704326923076923 0.03125 0.15264423076923078
1 0.25 0.453125 0.03125 0.125
1 0.328125 0.44711538461538464 0.037259615384615384 0.125
1 0.4206730769230769 0.4423076923076923 0.07211538461538461 0.11538461538461539
1 0.5324519230769231 0.4362980769230769 0.046875 0.1466346153846154
1 0.6177884615384616 0.43149038461538464 0.03485576923076923 0.14423076923076922
1 0.7175480769230769 0.42788461538461536 0.03485576923076923 0.14423076923076922
1 0.19951923076923078 0.5985576923076923 0.07451923076923077 0.1466346153846154
1 0.3088942307692308 0.5889423076923077 0.037259615384615384 0.1466346153846154
1 0.5721153846153846 0.5793269230769231 0.037259615384615384 0.12860576923076922
1 0.8088942307692307 0.5673076923076923 0.0625 0.12860576923076922