1 0.7596153846153846 0.15625 0.025240384615384616 0.1502403846153846
1 0.6105769230769231 0.15985576923076922 0.015625 0.1502403846153846
1 0.359375 0.140625 0.025240384615384616 0.11298076923076923
1 0.27163461538461536 0.13701923076923078 0.025240384615384616 0.11298076923076923
1 0.7067307692307693 0.30288461538461536 0.025240384615384616 0.125
1 0.6213942307692307 0.30649038461538464 0.025240384615384616 0.125
1 0.5204326923076923 0.30288461538461536 0.07211538461538461 0.1310096153846154
1 0.4098557692307692 0.28125 0.03125 0.15625
1 0.33413461538461536 0.2776442307692308 0.025240384615384616 0.15625
1 0.2776442307692308 0.28125 0.03125 0.15625
1 0.7560096153846154 0.4411057692307692 0.03125 0.1310096153846154
1 0.6153846153846154 0.4411057692307692 0.037259615384615384 0.125
1 0.46875 0.4411057692307692 0.03125 0.1502403846153846
1 0.38461538461538464 0.4411057692307692 0.03125 0.1502403846153846
1 0.296875 0.4375 0.03125 0.14423076923076922
1 0.7620192307692307 0.5877403846153846 0.03125 0.14423076923076922
1 0.7043269230769231 0.5877403846153846 0.021634615384615384 0.14423076923076922
1 0.6502403846153846 0.5877403846153846 0.025240384615384616 0.1502403846153846
1 0.5973557692307693 0.5841346153846154 0.03125 0.1502403846153846
1 0.5372596153846154 0.5841346153846154 0.037259615384615384 0.1502403846153846
1 0.23076923076923078 0.578125 0.03125 0.1310096153846154