1 0.23557692307692307 0.14543269230769232 0.040865384615384616 0.15264423076923078
1 0.4362980769230769 0.15264423076923078 0.1466346153846154 0.1622596153846154
1 0.6213942307692307 0.14423076923076922 0.01201923076923077 0.11298076923076923
1 0.6923076923076923 0.14182692307692307 0.015625 0.109375
1 0.8377403846153846 0.14543269230769232 0.06850961538461539 0.11538461538461539
1 0.18028846153846154 0.2956730769230769 0.03485576923076923 0.1346153846153846
1 0.2860576923076923 0.2956730769230769 0.040865384615384616 0.12860576923076922
1 0.38221153846153844 0.30288461538461536 0.040865384615384616 0.1310096153846154
1 0.4735576923076923 0.30528846153846156 0.046875 0.12860576923076922
1 0.5925480769230769 0.2824519230769231 0.03485576923076923 0.15985576923076922
1 0.7379807692307693 0.28725961538461536 0.037259615384615384 0.15625
1 0.2980769230769231 0.4362980769230769 0.046875 0.12860576923076922
1 0.38461538461538464 0.4362980769230769 0.04326923076923077 0.12860576923076922
1 0.578125 0.4423076923076923 0.037259615384615384 0.1466346153846154
1 0.6634615384615384 0.44350961538461536 0.027644230769230768 0.1502403846153846
1 0.7487980769230769 0.44471153846153844 0.03485576923076923 0.1466346153846154
1 0.1814903846153846 0.5769230769230769 0.037259615384615384 0.15264423076923078
1 0.27524038461538464 0.5769230769230769 0.037259615384615384 0.1466346153846154
1 0.3389423076923077 0.5733173076923077 0.027644230769230768 0.1466346153846154
1 0.39903846153846156 0.578125 0.040865384615384616 0.14423076923076922
1 0.4831730769230769 0.5829326923076923 0.03485576923076923 0.1466346153846154
1 0.6754807692307693 0.5877403846153846 0.037259615384615384 0.1310096153846154
1 0.7884615384615384 0.5925480769230769 0.10336538461538461 0.140625