1 0.16105769230769232 0.16706730769230768 0.046875 0.15985576923076922
1 0.3713942307692308 0.1622596153846154 0.037259615384615384 0.1502403846153846
1 0.45913461538461536 0.15985576923076922 0.03125 0.1502403846153846
1 0.6658653846153846 0.1346153846153846 0.15625 0.11899038461538461
1 0.22956730769230768 0.3137019230769231 0.03485576923076923 0.1346153846153846
1 0.2980769230769231 0.3088942307692308 0.027644230769230768 0.1310096153846154
1 0.41346153846153844 0.3088942307692308 0.09014423076923077 0.1310096153846154
1 0.5769230769230769 0.2800480769230769 0.03485576923076923 0.15985576923076922
1 0.1875 0.4495192307692308 0.056490384615384616 0.125
1 0.27524038461538464 0.44711538461538464 0.01201923076923077 0.125
1 0.3449519230769231 0.4423076923076923 0.015625 0.12139423076923077
1 0.43028846153846156 0.44471153846153844 0.05889423076923077 0.12860576923076922
1 0.5673076923076923 0.4326923076923077 0.021634615384615384 0.1466346153846154
1 0.6045673076923077 0.4362980769230769 0.021634615384615384 0.15264423076923078
1 0.6706730769230769 0.43028846153846156 0.015625 0.1466346153846154
1 0.2824519230769231 0.5925480769230769 0.09014423076923077 0.1466346153846154
1 0.375 0.5889423076923077 0.037259615384615384 0.140625
1 0.4387019230769231 0.5841346153846154 0.046875 0.14423076923076922
1 0.5 0.578125 0.03125 0.14423076923076922
1 0.5673076923076923 0.5865384615384616 0.052884615384615384 0.1346153846153846
1 0.6610576923076923 0.5769230769230769 0.040865384615384616 0.12860576923076922