1 0.20793269230769232 0.17067307692307693 0.015625 0.1466346153846154
1 0.3389423076923077 0.16346153846153846 0.015625 0.1466346153846154
1 0.4723557692307692 0.16105769230769232 0.019230769230769232 0.15264423076923078
1 0.5949519230769231 0.13581730769230768 0.015625 0.109375
1 0.6622596153846154 0.12620192307692307 0.019230769230769232 0.11538461538461539
1 0.7884615384615384 0.12139423076923077 0.027644230769230768 0.11298076923076923
1 0.27403846153846156 0.3161057692307692 0.021634615384615384 0.125
1 0.3473557692307692 0.3161057692307692 0.019230769230769232 0.1310096153846154
1 0.4170673076923077 0.3112980769230769 0.021634615384615384 0.12860576923076922
1 0.47836538461538464 0.3088942307692308 0.019230769230769232 0.1310096153846154
1 0.5120192307692307 0.2824519230769231 0.019230769230769232 0.15985576923076922
1 0.5769230769230769 0.2764423076923077 0.021634615384615384 0.15985576923076922
1 0.22956730769230768 0.4543269230769231 0.021634615384615384 0.1346153846153846
1 0.296875 0.4519230769230769 0.019230769230769232 0.12860576923076922
1 0.3485576923076923 0.4519230769230769 0.015625 0.12860576923076922
1 0.38461538461538464 0.44350961538461536 0.019230769230769232 0.11899038461538461
1 0.44711538461538464 0.44471153846153844 0.019230769230769232 0.12860576923076922
1 0.515625 0.4362980769230769 0.019230769230769232 0.15264423076923078
1 0.578125 0.4338942307692308 0.019230769230769232 0.1502403846153846
1 0.6418269230769231 0.42788461538461536 0.015625 0.1502403846153846
1 0.7115384615384616 0.4230769230769231 0.021634615384615384 0.1466346153846154
1 0.8004807692307693 0.4170673076923077 0.019230769230769232 0.1466346153846154
1 0.2644230769230769 0.5949519230769231 0.021634615384615384 0.1466346153846154
1 0.3389423076923077 0.5949519230769231 0.015625 0.1466346153846154
1 0.3713942307692308 0.5901442307692307 0.019230769230769232 0.1502403846153846
1 0.4110576923076923 0.5889423076923077 0.027644230769230768 0.1466346153846154
1 0.4495192307692308 0.5865384615384616 0.019230769230769232 0.1466346153846154
1 0.4831730769230769 0.5841346153846154 0.015625 0.14423076923076922
1 0.5516826923076923 0.5829326923076923 0.021634615384615384 0.1346153846153846
1 0.6670673076923077 0.5685096153846154 0.015625 0.1310096153846154
1 0.7860576923076923 0.5661057692307693 0.021634615384615384 0.1310096153846154