1 0.25961538461538464 0.5985576923076923 0.025240384615384616 0.1466346153846154
1 0.33653846153846156 0.5901442307692307 0.015625 0.14423076923076922
1 0.3713942307692308 0.5865384615384616 0.019230769230769232 0.1466346153846154
1 0.4110576923076923 0.5877403846153846 0.021634615384615384 0.14423076923076922
1 0.44471153846153844 0.5841346153846154 0.021634615384615384 0.14423076923076922
1 0.4831730769230769 0.5793269230769231 0.015625 0.1466346153846154
1 0.546875 0.5793269230769231 0.019230769230769232 0.1346153846153846
1 0.6682692307692307 0.5697115384615384 0.019230769230769232 0.12860576923076922
1 0.7800480769230769 0.5661057692307693 0.021634615384615384 0.1310096153846154
1 0.22596153846153846 0.4495192307692308 0.015625 0.125
1 0.2956730769230769 0.4495192307692308 0.015625 0.125
1 0.3485576923076923 0.44711538461538464 0.015625 0.125
1 0.38221153846153844 0.44471153846153844 0.015625 0.12139423076923077
1 0.4483173076923077 0.4423076923076923 0.015625 0.12139423076923077
1 0.5144230769230769 0.4362980769230769 0.015625 0.1466346153846154
1 0.5733173076923077 0.43028846153846156 0.015625 0.1466346153846154
1 0.6442307692307693 0.42788461538461536 0.019230769230769232 0.14423076923076922
1 0.7115384615384616 0.4230769230769231 0.021634615384615384 0.1466346153846154
1 0.7908653846153846 0.41586538461538464 0.019230769230769232 0.14423076923076922
1 0.2764423076923077 0.3137019230769231 0.015625 0.12860576923076922
1 0.3449519230769231 0.3125 0.015625 0.125
1 0.4110576923076923 0.3088942307692308 0.015625 0.1310096153846154
1 0.4735576923076923 0.3076923076923077 0.015625 0.12860576923076922
1 0.5108173076923077 0.2776442307692308 0.015625 0.1502403846153846
1 0.5769230769230769 0.27524038461538464 0.021634615384615384 0.1502403846153846
1 0.7824519230769231 0.12139423076923077 0.027644230769230768 0.11298076923076923
1 0.4675480769230769 0.1622596153846154 0.015625 0.1502403846153846
1 0.3389423076923077 0.16346153846153846 0.021634615384615384 0.1466346153846154
1 0.20673076923076922 0.17067307692307693 0.01201923076923077 0.1466346153846154