1 0.84375 0.17307692307692307 0.05048076923076923 0.15985576923076922
1 0.6322115384615384 0.1622596153846154 0.040865384615384616 0.1502403846153846
1 0.5456730769230769 0.15985576923076922 0.03485576923076923 0.1502403846153846
1 0.3401442307692308 0.1310096153846154 0.15625 0.11899038461538461
1 0.7716346153846154 0.31971153846153844 0.037259615384615384 0.1346153846153846
1 0.703125 0.3161057692307692 0.03125 0.1310096153846154
1 0.5901442307692307 0.3112980769230769 0.09375 0.1346153846153846
1 0.42788461538461536 0.2800480769230769 0.037259615384615384 0.15985576923076922
1 0.8137019230769231 0.4567307692307692 0.05889423076923077 0.125
1 0.7259615384615384 0.453125 0.015625 0.125
1 0.65625 0.44471153846153844 0.019230769230769232 0.12139423076923077
1 0.5721153846153846 0.44471153846153844 0.0625 0.12860576923076922
1 0.4326923076923077 0.4326923076923077 0.021634615384615384 0.1466346153846154
1 0.39663461538461536 0.4326923076923077 0.025240384615384616 0.15264423076923078
1 0.3293269230769231 0.4266826923076923 0.015625 0.1466346153846154
1 0.7175480769230769 0.59375 0.09014423076923077 0.1502403846153846
1 0.6237980769230769 0.5889423076923077 0.040865384615384616 0.140625
1 0.5588942307692307 0.5841346153846154 0.05048076923076923 0.14423076923076922
1 0.4987980769230769 0.578125 0.03485576923076923 0.14423076923076922
1 0.43149038461538464 0.5829326923076923 0.056490384615384616 0.1346153846153846
1 0.33774038461538464 0.5769230769230769 0.04326923076923077 0.12860576923076922