1 0.24879807692307693 0.15504807692307693 0.027644230769230768 0.15264423076923078
1 0.3954326923076923 0.15625 0.027644230769230768 0.1502403846153846
1 0.6514423076923077 0.14543269230769232 0.03485576923076923 0.109375
1 0.7391826923076923 0.14423076923076922 0.027644230769230768 0.11298076923076923
1 0.2932692307692308 0.3016826923076923 0.03125 0.12860576923076922
1 0.3858173076923077 0.30528846153846156 0.027644230769230768 0.12860576923076922
1 0.46875 0.3016826923076923 0.04326923076923077 0.12860576923076922
1 0.5324519230769231 0.2848557692307692 0.027644230769230768 0.15625
1 0.609375 0.2824519230769231 0.03125 0.15985576923076922
1 0.6862980769230769 0.2824519230769231 0.027644230769230768 0.15985576923076922
1 0.8329326923076923 0.2848557692307692 0.040865384615384616 0.15625
1 0.18269230769230768 0.4326923076923077 0.03485576923076923 0.12860576923076922
1 0.27403846153846156 0.4375 0.027644230769230768 0.125
1 0.3473557692307692 0.4387019230769231 0.03125 0.12860576923076922
1 0.4387019230769231 0.4387019230769231 0.040865384615384616 0.12860576923076922
1 0.5432692307692307 0.4411057692307692 0.0625 0.1502403846153846
1 0.6490384615384616 0.4423076923076923 0.03485576923076923 0.1466346153846154
1 0.7295673076923077 0.4387019230769231 0.027644230769230768 0.140625
1 0.234375 0.5793269230769231 0.025240384615384616 0.1466346153846154
1 0.3125 0.5769230769230769 0.025240384615384616 0.1466346153846154
1 0.46153846153846156 0.5817307692307693 0.046875 0.1502403846153846
1 0.5552884615384616 0.5889423076923077 0.040865384615384616 0.1346153846153846
1 0.6454326923076923 0.5841346153846154 0.027644230769230768 0.1310096153846154
1 0.7704326923076923 0.5841346153846154 0.027644230769230768 0.1310096153846154