1 0.2512019230769231 0.16346153846153846 0.027644230769230768 0.1466346153846154
1 0.4230769230769231 0.15144230769230768 0.027644230769230768 0.15264423076923078
1 0.5576923076923077 0.12379807692307693 0.040865384615384616 0.11538461538461539
1 0.6418269230769231 0.1141826923076923 0.027644230769230768 0.109375
1 0.16826923076923078 0.3269230769230769 0.09975961538461539 0.1346153846153846
1 0.29086538461538464 0.3161057692307692 0.025240384615384616 0.125
1 0.3870192307692308 0.3076923076923077 0.03125 0.1346153846153846
1 0.47596153846153844 0.3004807692307692 0.040865384615384616 0.1310096153846154
1 0.5673076923076923 0.2668269230769231 0.040865384615384616 0.15264423076923078
1 0.7115384615384616 0.2536057692307692 0.03485576923076923 0.1502403846153846
1 0.234375 0.46153846153846156 0.03125 0.12139423076923077
1 0.31850961538461536 0.4519230769230769 0.037259615384615384 0.12139423076923077
1 0.4170673076923077 0.44350961538461536 0.07211538461538461 0.11899038461538461
1 0.53125 0.43028846153846156 0.05048076923076923 0.1466346153846154
1 0.6129807692307693 0.4230769230769231 0.037259615384615384 0.140625
1 0.71875 0.41586538461538464 0.037259615384615384 0.14423076923076922
1 0.19230769230769232 0.6129807692307693 0.078125 0.1502403846153846
1 0.30528846153846156 0.6033653846153846 0.040865384615384616 0.1502403846153846
1 0.5793269230769231 0.5817307692307693 0.040865384615384616 0.1310096153846154
1 0.8173076923076923 0.5564903846153846 0.06610576923076923 0.1310096153846154