1 0.8509615384615384 0.18028846153846154 0.052884615384615384 0.15985576923076922
1 0.640625 0.1658653846153846 0.04326923076923077 0.1502403846153846
1 0.5528846153846154 0.15985576923076922 0.037259615384615384 0.1502403846153846
1 0.3485576923076923 0.12980769230769232 0.15985576923076922 0.12139423076923077
1 0.7776442307692307 0.3233173076923077 0.037259615384615384 0.1346153846153846
1 0.7091346153846154 0.31850961538461536 0.03125 0.1310096153846154
1 0.5949519230769231 0.3137019230769231 0.09735576923076923 0.1346153846153846
1 0.4326923076923077 0.2776442307692308 0.040865384615384616 0.1622596153846154
1 0.8137019230769231 0.46153846153846156 0.05889423076923077 0.12860576923076922
1 0.7283653846153846 0.4567307692307692 0.019230769230769232 0.125
1 0.6574519230769231 0.4483173076923077 0.021634615384615384 0.12139423076923077
1 0.5745192307692307 0.44711538461538464 0.0625 0.1310096153846154
1 0.4375 0.43028846153846156 0.025240384615384616 0.1466346153846154
1 0.40024038461538464 0.43028846153846156 0.025240384615384616 0.15264423076923078
1 0.33413461538461536 0.4230769230769231 0.019230769230769232 0.1466346153846154
1 0.7151442307692307 0.5997596153846154 0.09375 0.1502403846153846
1 0.625 0.5925480769230769 0.04326923076923077 0.140625
1 0.5612980769230769 0.5877403846153846 0.052884615384615384 0.14423076923076922
1 0.5 0.578125 0.037259615384615384 0.14423076923076922
1 0.43149038461538464 0.5829326923076923 0.056490384615384616 0.1346153846153846
1 0.3401442307692308 0.5733173076923077 0.04326923076923077 0.12860576923076922