1 0.7668269230769231 0.15985576923076922 0.040865384615384616 0.15625
1 0.3173076923076923 0.13942307692307693 0.109375 0.11538461538461539
1 0.5456730769230769 0.15144230769230768 0.015625 0.15264423076923078
1 0.6730769230769231 0.3088942307692308 0.36538461538461536 0.13701923076923078
1 0.3713942307692308 0.28125 0.125 0.15625
1 0.8064903846153846 0.44350961538461536 0.056490384615384616 0.125
1 0.703125 0.44471153846153844 0.025240384615384616 0.12860576923076922
1 0.5985576923076923 0.4423076923076923 0.109375 0.12860576923076922
1 0.421875 0.43028846153846156 0.03125 0.1466346153846154
1 0.19110576923076922 0.43028846153846156 0.06850961538461539 0.1466346153846154
1 0.5168269230769231 0.5793269230769231 0.052884615384615384 0.140625
1 0.4182692307692308 0.5841346153846154 0.03125 0.1310096153846154
1 0.171875 0.5733173076923077 0.037259615384615384 0.1346153846153846