1 0.2668269230769231 0.13942307692307693 0.03485576923076923 0.15264423076923078
1 0.41586538461538464 0.15144230769230768 0.025240384615384616 0.15264423076923078
1 0.6670673076923077 0.15144230769230768 0.03485576923076923 0.11538461538461539
1 0.7536057692307693 0.15625 0.03125 0.11298076923076923
1 0.3088942307692308 0.28846153846153844 0.03125 0.12860576923076922
1 0.3942307692307692 0.2980769230769231 0.03125 0.12860576923076922
1 0.49399038461538464 0.3016826923076923 0.08173076923076923 0.1346153846153846
1 0.6057692307692307 0.28846153846153844 0.04326923076923077 0.15985576923076922
1 0.6826923076923077 0.2920673076923077 0.03485576923076923 0.15985576923076922
1 0.7355769230769231 0.2980769230769231 0.040865384615384616 0.15985576923076922
1 0.24639423076923078 0.4254807692307692 0.04326923076923077 0.1310096153846154
1 0.390625 0.4326923076923077 0.04326923076923077 0.12860576923076922
1 0.5324519230769231 0.4338942307692308 0.040865384615384616 0.1502403846153846
1 0.6201923076923077 0.44711538461538464 0.040865384615384616 0.1502403846153846
1 0.7115384615384616 0.4495192307692308 0.040865384615384616 0.14423076923076922
1 0.23557692307692307 0.5673076923076923 0.040865384615384616 0.1466346153846154
1 0.29086538461538464 0.5733173076923077 0.03125 0.1466346153846154
1 0.3473557692307692 0.578125 0.037259615384615384 0.1502403846153846
1 0.39903846153846156 0.578125 0.040865384615384616 0.1502403846153846
1 0.4579326923076923 0.5817307692307693 0.046875 0.1502403846153846
1 0.7644230769230769 0.5973557692307693 0.040865384615384616 0.1310096153846154