1 0.7956730769230769 0.16826923076923078 0.03485576923076923 0.1502403846153846
1 0.6454326923076923 0.15985576923076922 0.03485576923076923 0.1502403846153846
1 0.38221153846153844 0.11899038461538461 0.040865384615384616 0.11298076923076923
1 0.2956730769230769 0.10576923076923077 0.03485576923076923 0.11298076923076923
1 0.7283653846153846 0.3173076923076923 0.037259615384615384 0.12860576923076922
1 0.6454326923076923 0.3112980769230769 0.03485576923076923 0.12860576923076922
1 0.5564903846153846 0.30288461538461536 0.05048076923076923 0.1310096153846154
1 0.49399038461538464 0.2704326923076923 0.037259615384615384 0.15264423076923078
1 0.41225961538461536 0.265625 0.037259615384615384 0.15625
1 0.3293269230769231 0.25600961538461536 0.03485576923076923 0.15625
1 0.18389423076923078 0.2403846153846154 0.05048076923076923 0.15625
1 0.8329326923076923 0.4639423076923077 0.040865384615384616 0.12860576923076922
1 0.7355769230769231 0.4543269230769231 0.03485576923076923 0.12139423076923077
1 0.6622596153846154 0.4495192307692308 0.037259615384615384 0.125
1 0.5673076923076923 0.4423076923076923 0.046875 0.12860576923076922
1 0.45913461538461536 0.43149038461538464 0.06850961538461539 0.1502403846153846
1 0.3581730769230769 0.4206730769230769 0.040865384615384616 0.1466346153846154
1 0.2764423076923077 0.4110576923076923 0.03485576923076923 0.140625
1 0.765625 0.6105769230769231 0.025240384615384616 0.1466346153846154
1 0.6826923076923077 0.6009615384615384 0.027644230769230768 0.1466346153846154
1 0.5324519230769231 0.5865384615384616 0.052884615384615384 0.15264423076923078
1 0.4387019230769231 0.5841346153846154 0.046875 0.13701923076923078
1 0.3485576923076923 0.5721153846153846 0.03485576923076923 0.1310096153846154
1 0.2127403846153846 0.5564903846153846 0.03125 0.1310096153846154