1 0.2548076923076923 0.14543269230769232 0.027644230769230768 0.15264423076923078
1 0.4050480769230769 0.15504807692307693 0.021634615384615384 0.15264423076923078
1 0.65625 0.14543269230769232 0.03125 0.11538461538461539
1 0.7427884615384616 0.1466346153846154 0.027644230769230768 0.11298076923076923
1 0.3016826923076923 0.2956730769230769 0.027644230769230768 0.12860576923076922
1 0.3858173076923077 0.3016826923076923 0.027644230769230768 0.12860576923076922
1 0.4879807692307692 0.30288461538461536 0.07451923076923077 0.1310096153846154
1 0.5997596153846154 0.2860576923076923 0.037259615384615384 0.15985576923076922
1 0.6766826923076923 0.2860576923076923 0.027644230769230768 0.15985576923076922
1 0.7295673076923077 0.28846153846153844 0.03485576923076923 0.15985576923076922
1 0.24639423076923078 0.4326923076923077 0.037259615384615384 0.1346153846153846
1 0.3858173076923077 0.4362980769230769 0.040865384615384616 0.12860576923076922
1 0.5324519230769231 0.4411057692307692 0.03485576923076923 0.1502403846153846
1 0.6177884615384616 0.44350961538461536 0.03485576923076923 0.1502403846153846
1 0.7079326923076923 0.44350961538461536 0.03485576923076923 0.14423076923076922
1 0.23557692307692307 0.5769230769230769 0.03485576923076923 0.1466346153846154
1 0.2920673076923077 0.5793269230769231 0.027644230769230768 0.1466346153846154
1 0.34975961538461536 0.5841346153846154 0.03125 0.1502403846153846
1 0.4014423076923077 0.5817307692307693 0.03485576923076923 0.1502403846153846
1 0.46153846153846156 0.5841346153846154 0.040865384615384616 0.1502403846153846
1 0.765625 0.5877403846153846 0.037259615384615384 0.1310096153846154