1 0.20192307692307693 0.15144230769230768 0.009615384615384616 0.1466346153846154
1 0.3389423076923077 0.15144230769230768 0.009615384615384616 0.1466346153846154
1 0.47596153846153844 0.14903846153846154 0.009615384615384616 0.15264423076923078
1 0.6009615384615384 0.1201923076923077 0.009615384615384616 0.109375
1 0.671875 0.11778846153846154 0.01201923076923077 0.11538461538461539
1 0.8016826923076923 0.11899038461538461 0.021634615384615384 0.11298076923076923
1 0.2704326923076923 0.30288461538461536 0.015625 0.125
1 0.34375 0.30288461538461536 0.01201923076923077 0.1310096153846154
1 0.4098557692307692 0.3016826923076923 0.01201923076923077 0.12860576923076922
1 0.47836538461538464 0.3004807692307692 0.01201923076923077 0.1310096153846154
1 0.5144230769230769 0.27403846153846156 0.009615384615384616 0.15985576923076922
1 0.5841346153846154 0.2692307692307692 0.01201923076923077 0.15625
1 0.22235576923076922 0.44711538461538464 0.01201923076923077 0.1310096153846154
1 0.29086538461538464 0.44350961538461536 0.01201923076923077 0.125
1 0.3449519230769231 0.44350961538461536 0.009615384615384616 0.125
1 0.38100961538461536 0.4411057692307692 0.01201923076923077 0.125
1 0.44711538461538464 0.4375 0.01201923076923077 0.125
1 0.5144230769230769 0.4338942307692308 0.009615384615384616 0.1502403846153846
1 0.5817307692307693 0.4326923076923077 0.01201923076923077 0.1466346153846154
1 0.6490384615384616 0.43028846153846156 0.009615384615384616 0.1466346153846154
1 0.7175480769230769 0.4230769230769231 0.015625 0.1466346153846154
1 0.8064903846153846 0.4206730769230769 0.01201923076923077 0.1466346153846154
1 0.25600961538461536 0.5949519230769231 0.01201923076923077 0.15264423076923078
1 0.3293269230769231 0.5925480769230769 0.009615384615384616 0.1466346153846154
1 0.36538461538461536 0.5901442307692307 0.01201923076923077 0.1502403846153846
1 0.40625 0.5889423076923077 0.019230769230769232 0.1466346153846154
1 0.44350961538461536 0.5829326923076923 0.01201923076923077 0.1466346153846154
1 0.4795673076923077 0.5817307692307693 0.009615384615384616 0.14423076923076922
1 0.5480769230769231 0.5865384615384616 0.015625 0.1346153846153846
1 0.6706730769230769 0.578125 0.009615384615384616 0.1310096153846154
1 0.7884615384615384 0.5685096153846154 0.015625 0.1310096153846154