1 0.20673076923076922 0.17067307692307693 0.04326923076923077 0.15264423076923078
1 0.40625 0.16105769230769232 0.1502403846153846 0.1658653846153846
1 0.5925480769230769 0.1346153846153846 0.015625 0.11298076923076923
1 0.6622596153846154 0.12620192307692307 0.019230769230769232 0.109375
1 0.8064903846153846 0.11538461538461539 0.06850961538461539 0.11899038461538461
1 0.1658653846153846 0.3233173076923077 0.037259615384615384 0.1346153846153846
1 0.2692307692307692 0.3137019230769231 0.04326923076923077 0.12860576923076922
1 0.36899038461538464 0.3125 0.04326923076923077 0.1310096153846154
1 0.45913461538461536 0.3076923076923077 0.05048076923076923 0.12860576923076922
1 0.5745192307692307 0.2764423076923077 0.037259615384615384 0.15985576923076922
1 0.7175480769230769 0.2692307692307692 0.040865384615384616 0.15625
1 0.296875 0.4519230769230769 0.05048076923076923 0.12860576923076922
1 0.3798076923076923 0.4483173076923077 0.046875 0.12860576923076922
1 0.5769230769230769 0.4326923076923077 0.040865384615384616 0.1466346153846154
1 0.6622596153846154 0.42788461538461536 0.03125 0.1502403846153846
1 0.7439903846153846 0.4230769230769231 0.037259615384615384 0.1466346153846154
1 0.19230769230769232 0.6009615384615384 0.040865384615384616 0.15264423076923078
1 0.2860576923076923 0.5949519230769231 0.040865384615384616 0.1466346153846154
1 0.34975961538461536 0.5889423076923077 0.03125 0.1466346153846154
1 0.40625 0.5877403846153846 0.04326923076923077 0.14423076923076922
1 0.49038461538461536 0.5829326923076923 0.037259615384615384 0.1466346153846154
1 0.6826923076923077 0.5721153846153846 0.040865384615384616 0.1310096153846154
1 0.796875 0.5673076923076923 0.10576923076923077 0.140625