1 0.2512019230769231 0.15504807692307693 0.027644230769230768 0.15264423076923078
1 0.39903846153846156 0.15625 0.027644230769230768 0.1502403846153846
1 0.6514423076923077 0.14543269230769232 0.03485576923076923 0.109375
1 0.7391826923076923 0.14423076923076922 0.027644230769230768 0.11298076923076923
1 0.2932692307692308 0.3016826923076923 0.03125 0.12860576923076922
1 0.3858173076923077 0.30528846153846156 0.027644230769230768 0.12860576923076922
1 0.46875 0.3016826923076923 0.04326923076923077 0.12860576923076922
1 0.5324519230769231 0.2848557692307692 0.027644230769230768 0.15625
1 0.6129807692307693 0.2824519230769231 0.03125 0.15985576923076922
1 0.6887019230769231 0.2824519230769231 0.027644230769230768 0.15985576923076922
1 0.8329326923076923 0.2848557692307692 0.040865384615384616 0.15625
1 0.18629807692307693 0.4326923076923077 0.03485576923076923 0.12860576923076922
1 0.2764423076923077 0.4375 0.027644230769230768 0.125
1 0.34975961538461536 0.4387019230769231 0.03125 0.12860576923076922
1 0.4423076923076923 0.4387019230769231 0.040865384615384616 0.12860576923076922
1 0.546875 0.4411057692307692 0.0625 0.1502403846153846
1 0.6514423076923077 0.4423076923076923 0.03485576923076923 0.1466346153846154
1 0.7331730769230769 0.4387019230769231 0.027644230769230768 0.140625
1 0.23798076923076922 0.5793269230769231 0.025240384615384616 0.1466346153846154
1 0.3125 0.5769230769230769 0.025240384615384616 0.1466346153846154
1 0.4639423076923077 0.5817307692307693 0.046875 0.1502403846153846
1 0.5576923076923077 0.5889423076923077 0.040865384615384616 0.1346153846153846
1 0.6490384615384616 0.5841346153846154 0.027644230769230768 0.1310096153846154
1 0.7704326923076923 0.5841346153846154 0.027644230769230768 0.1310096153846154