1 0.25 0.14423076923076922 0.04326923076923077 0.15625
1 0.7019230769230769 0.14903846153846154 0.109375 0.11538461538461539
1 0.4723557692307692 0.15144230769230768 0.019230769230769232 0.15264423076923078
1 0.33653846153846156 0.3004807692307692 0.36538461538461536 0.14423076923076922
1 0.6394230769230769 0.28846153846153844 0.12860576923076922 0.15985576923076922
1 0.19471153846153846 0.42788461538461536 0.05889423076923077 0.125
1 0.3016826923076923 0.4362980769230769 0.027644230769230768 0.12860576923076922
1 0.4050480769230769 0.4411057692307692 0.109375 0.1310096153846154
1 0.5829326923076923 0.4362980769230769 0.03485576923076923 0.1466346153846154
1 0.8112980769230769 0.44471153846153844 0.07211538461538461 0.1466346153846154
1 0.47836538461538464 0.5793269230769231 0.056490384615384616 0.140625
1 0.5769230769230769 0.5877403846153846 0.03485576923076923 0.1310096153846154
1 0.8233173076923077 0.5925480769230769 0.040865384615384616 0.1346153846153846