1 0.8221153846153846 0.14903846153846154 0.04326923076923077 0.15985576923076922
1 0.6105769230769231 0.15625 0.03485576923076923 0.1502403846153846
1 0.5240384615384616 0.15625 0.027644230769230768 0.1502403846153846
1 0.3173076923076923 0.14543269230769232 0.15264423076923078 0.11538461538461539
1 0.7596153846153846 0.3016826923076923 0.03125 0.1346153846153846
1 0.6911057692307693 0.3004807692307692 0.025240384615384616 0.1310096153846154
1 0.5769230769230769 0.30649038461538464 0.09014423076923077 0.1310096153846154
1 0.41225961538461536 0.2860576923076923 0.03125 0.15985576923076922
1 0.8076923076923077 0.4338942307692308 0.052884615384615384 0.125
1 0.7223557692307693 0.4375 0.01201923076923077 0.125
1 0.6514423076923077 0.4362980769230769 0.015625 0.12139423076923077
1 0.5661057692307693 0.4387019230769231 0.056490384615384616 0.12860576923076922
1 0.42788461538461536 0.4362980769230769 0.019230769230769232 0.1466346153846154
1 0.390625 0.4387019230769231 0.019230769230769232 0.15264423076923078
1 0.3245192307692308 0.4387019230769231 0.01201923076923077 0.1466346153846154
1 0.7223557692307693 0.5793269230769231 0.08774038461538461 0.1466346153846154
1 0.6298076923076923 0.5829326923076923 0.03485576923076923 0.140625
1 0.5661057692307693 0.5817307692307693 0.04326923076923077 0.14423076923076922
1 0.5048076923076923 0.578125 0.027644230769230768 0.14423076923076922
1 0.4375 0.5889423076923077 0.05048076923076923 0.1346153846153846
1 0.34375 0.5865384615384616 0.037259615384615384 0.12860576923076922