1 0.7932692307692307 0.17067307692307693 0.04326923076923077 0.15264423076923078
1 0.59375 0.16105769230769232 0.1502403846153846 0.1658653846153846
1 0.4074519230769231 0.1346153846153846 0.015625 0.11298076923076923
1 0.33774038461538464 0.12620192307692307 0.019230769230769232 0.109375
1 0.1935096153846154 0.11538461538461539 0.06850961538461539 0.11899038461538461
1 0.8341346153846154 0.3233173076923077 0.037259615384615384 0.1346153846153846
1 0.7307692307692307 0.3137019230769231 0.04326923076923077 0.12860576923076922
1 0.6310096153846154 0.3125 0.04326923076923077 0.1310096153846154
1 0.5408653846153846 0.3076923076923077 0.05048076923076923 0.12860576923076922
1 0.4254807692307692 0.2764423076923077 0.037259615384615384 0.15985576923076922
1 0.2824519230769231 0.2692307692307692 0.040865384615384616 0.15625
1 0.703125 0.4519230769230769 0.05048076923076923 0.12860576923076922
1 0.6201923076923077 0.4483173076923077 0.046875 0.12860576923076922
1 0.4230769230769231 0.4326923076923077 0.040865384615384616 0.1466346153846154
1 0.33774038461538464 0.42788461538461536 0.03125 0.1502403846153846
1 0.25600961538461536 0.4230769230769231 0.037259615384615384 0.1466346153846154
1 0.8076923076923077 0.6009615384615384 0.040865384615384616 0.15264423076923078
1 0.7139423076923077 0.5949519230769231 0.040865384615384616 0.1466346153846154
1 0.6502403846153846 0.5889423076923077 0.03125 0.1466346153846154
1 0.59375 0.5877403846153846 0.04326923076923077 0.14423076923076922
1 0.5096153846153846 0.5829326923076923 0.037259615384615384 0.1466346153846154
1 0.3173076923076923 0.5721153846153846 0.040865384615384616 0.1310096153846154
1 0.203125 0.5673076923076923 0.10576923076923077 0.140625