1 0.7451923076923077 0.5829326923076923 0.021634615384615384 0.1466346153846154
1 0.671875 0.578125 0.01201923076923077 0.14423076923076922
1 0.6322115384615384 0.5793269230769231 0.015625 0.1466346153846154
1 0.5973557692307693 0.5817307692307693 0.019230769230769232 0.14423076923076922
1 0.5588942307692307 0.5817307692307693 0.019230769230769232 0.14423076923076922
1 0.5252403846153846 0.5769230769230769 0.01201923076923077 0.1466346153846154
1 0.4579326923076923 0.5829326923076923 0.015625 0.1346153846153846
1 0.3389423076923077 0.5829326923076923 0.015625 0.12860576923076922
1 0.2247596153846154 0.5841346153846154 0.019230769230769232 0.1310096153846154
1 0.7692307692307693 0.43149038461538464 0.01201923076923077 0.125
1 0.6995192307692307 0.4375 0.01201923076923077 0.125
1 0.6466346153846154 0.4375 0.01201923076923077 0.125
1 0.6129807692307693 0.4362980769230769 0.01201923076923077 0.12139423076923077
1 0.546875 0.4362980769230769 0.01201923076923077 0.12139423076923077
1 0.4807692307692308 0.4387019230769231 0.01201923076923077 0.1466346153846154
1 0.421875 0.4362980769230769 0.01201923076923077 0.1466346153846154
1 0.35096153846153844 0.4411057692307692 0.015625 0.14423076923076922
1 0.2848557692307692 0.4387019230769231 0.019230769230769232 0.1466346153846154
1 0.20192307692307693 0.4375 0.015625 0.14423076923076922
1 0.7127403846153846 0.2980769230769231 0.01201923076923077 0.12860576923076922
1 0.6442307692307693 0.3004807692307692 0.01201923076923077 0.125
1 0.5745192307692307 0.30288461538461536 0.01201923076923077 0.1310096153846154
1 0.5120192307692307 0.30528846153846156 0.01201923076923077 0.12860576923076922
1 0.47475961538461536 0.28125 0.01201923076923077 0.1502403846153846
1 0.4098557692307692 0.28125 0.019230769230769232 0.1502403846153846
1 0.19110576923076922 0.14423076923076922 0.025240384615384616 0.11298076923076923
1 0.5096153846153846 0.15985576923076922 0.01201923076923077 0.1502403846153846
1 0.6370192307692307 0.15144230769230768 0.019230769230769232 0.1466346153846154
1 0.7704326923076923 0.15144230769230768 0.009615384615384616 0.1466346153846154