1 0.7427884615384616 0.5925480769230769 0.021634615384615384 0.1466346153846154
1 0.6682692307692307 0.5841346153846154 0.01201923076923077 0.14423076923076922
1 0.6298076923076923 0.5829326923076923 0.015625 0.1466346153846154
1 0.59375 0.5841346153846154 0.019230769230769232 0.14423076923076922
1 0.5564903846153846 0.5841346153846154 0.019230769230769232 0.14423076923076922
1 0.5216346153846154 0.5769230769230769 0.01201923076923077 0.1466346153846154
1 0.4543269230769231 0.5829326923076923 0.015625 0.1346153846153846
1 0.33653846153846156 0.5769230769230769 0.015625 0.12860576923076922
1 0.22235576923076922 0.5745192307692307 0.019230769230769232 0.1310096153846154
1 0.7716346153846154 0.4411057692307692 0.01201923076923077 0.125
1 0.703125 0.44350961538461536 0.01201923076923077 0.125
1 0.6502403846153846 0.44350961538461536 0.01201923076923077 0.125
1 0.6153846153846154 0.4387019230769231 0.01201923076923077 0.12139423076923077
1 0.5504807692307693 0.4387019230769231 0.01201923076923077 0.12139423076923077
1 0.484375 0.4387019230769231 0.01201923076923077 0.1466346153846154
1 0.4254807692307692 0.4326923076923077 0.01201923076923077 0.1466346153846154
1 0.3545673076923077 0.4338942307692308 0.015625 0.14423076923076922
1 0.28725961538461536 0.4326923076923077 0.019230769230769232 0.1466346153846154
1 0.20432692307692307 0.42788461538461536 0.015625 0.14423076923076922
1 0.71875 0.30528846153846156 0.01201923076923077 0.12860576923076922
1 0.6502403846153846 0.30649038461538464 0.01201923076923077 0.125
1 0.5817307692307693 0.30649038461538464 0.01201923076923077 0.1310096153846154
1 0.5192307692307693 0.30528846153846156 0.01201923076923077 0.12860576923076922
1 0.4807692307692308 0.28125 0.01201923076923077 0.1502403846153846
1 0.41586538461538464 0.2776442307692308 0.019230769230769232 0.1502403846153846
1 0.203125 0.1346153846153846 0.025240384615384616 0.11298076923076923
1 0.5216346153846154 0.15985576923076922 0.01201923076923077 0.1502403846153846
1 0.6502403846153846 0.15745192307692307 0.019230769230769232 0.1466346153846154
1 0.7824519230769231 0.16105769230769232 0.009615384615384616 0.1466346153846154