1 0.8125 0.1658653846153846 0.04326923076923077 0.1502403846153846
1 0.5973557692307693 0.15264423076923078 0.1502403846153846 0.1622596153846154
1 0.4098557692307692 0.11899038461538461 0.01201923076923077 0.11298076923076923
1 0.3425480769230769 0.1141826923076923 0.015625 0.109375
1 0.1935096153846154 0.10576923076923077 0.06850961538461539 0.11899038461538461
1 0.8485576923076923 0.31971153846153844 0.03485576923076923 0.1346153846153846
1 0.7451923076923077 0.3137019230769231 0.040865384615384616 0.12860576923076922
1 0.6454326923076923 0.3088942307692308 0.040865384615384616 0.1310096153846154
1 0.5456730769230769 0.3016826923076923 0.046875 0.12860576923076922
1 0.43028846153846156 0.2668269230769231 0.03485576923076923 0.15985576923076922
1 0.2824519230769231 0.25721153846153844 0.040865384615384616 0.15264423076923078
1 0.7079326923076923 0.453125 0.046875 0.125
1 0.625 0.44711538461538464 0.04326923076923077 0.125
1 0.4254807692307692 0.42788461538461536 0.037259615384615384 0.14423076923076922
1 0.33774038461538464 0.4206730769230769 0.03125 0.1466346153846154
1 0.25600961538461536 0.4170673076923077 0.037259615384615384 0.1466346153846154
1 0.8137019230769231 0.6105769230769231 0.040865384615384616 0.15264423076923078
1 0.7199519230769231 0.6009615384615384 0.040865384615384616 0.15985576923076922
1 0.6550480769230769 0.5973557692307693 0.03485576923076923 0.1502403846153846
1 0.5973557692307693 0.5925480769230769 0.04326923076923077 0.15264423076923078
1 0.5108173076923077 0.5829326923076923 0.03485576923076923 0.1466346153846154
1 0.3137019230769231 0.5721153846153846 0.03485576923076923 0.1310096153846154
1 0.1971153846153846 0.5612980769230769 0.10576923076923077 0.140625