1 0.7980769230769231 0.17668269230769232 0.046875 0.15264423076923078
1 0.5985576923076923 0.1622596153846154 0.15264423076923078 0.16826923076923078
1 0.41586538461538464 0.1310096153846154 0.019230769230769232 0.11298076923076923
1 0.3473557692307692 0.12620192307692307 0.019230769230769232 0.109375
1 0.19831730769230768 0.11298076923076923 0.07211538461538461 0.11899038461538461
1 0.8377403846153846 0.3293269230769231 0.037259615384615384 0.1346153846153846
1 0.734375 0.3173076923076923 0.04326923076923077 0.12860576923076922
1 0.6346153846153846 0.3161057692307692 0.04326923076923077 0.1310096153846154
1 0.5432692307692307 0.3076923076923077 0.05048076923076923 0.12860576923076922
1 0.43028846153846156 0.27524038461538464 0.040865384615384616 0.1622596153846154
1 0.2848557692307692 0.265625 0.04326923076923077 0.15625
1 0.703125 0.4543269230769231 0.05048076923076923 0.12860576923076922
1 0.6201923076923077 0.4483173076923077 0.046875 0.12860576923076922
1 0.4254807692307692 0.4326923076923077 0.04326923076923077 0.1466346153846154
1 0.3389423076923077 0.4254807692307692 0.03485576923076923 0.1502403846153846
1 0.25721153846153844 0.4170673076923077 0.040865384615384616 0.1466346153846154
1 0.8064903846153846 0.6081730769230769 0.04326923076923077 0.15264423076923078
1 0.7127403846153846 0.5985576923076923 0.04326923076923077 0.1466346153846154
1 0.6490384615384616 0.5925480769230769 0.03485576923076923 0.1466346153846154
1 0.5925480769230769 0.5877403846153846 0.046875 0.14423076923076922
1 0.5072115384615384 0.5829326923076923 0.040865384615384616 0.1466346153846154
1 0.3173076923076923 0.5685096153846154 0.040865384615384616 0.1310096153846154
1 0.20192307692307693 0.5625 0.109375 0.14423076923076922