1 0.7644230769230769 0.16346153846153846 0.027644230769230768 0.15264423076923078
1 0.6177884615384616 0.15985576923076922 0.027644230769230768 0.1502403846153846
1 0.3605769230769231 0.13942307692307693 0.03485576923076923 0.109375
1 0.27403846153846156 0.1346153846153846 0.027644230769230768 0.11298076923076923
1 0.7127403846153846 0.3076923076923077 0.03125 0.12860576923076922
1 0.6201923076923077 0.3076923076923077 0.027644230769230768 0.12860576923076922
1 0.5372596153846154 0.3016826923076923 0.04326923076923077 0.12860576923076922
1 0.4735576923076923 0.2848557692307692 0.027644230769230768 0.15625
1 0.39663461538461536 0.2800480769230769 0.03125 0.15985576923076922
1 0.31971153846153844 0.2764423076923077 0.027644230769230768 0.15985576923076922
1 0.17668269230769232 0.27163461538461536 0.040865384615384616 0.15625
1 0.8197115384615384 0.44471153846153844 0.03485576923076923 0.12860576923076922
1 0.7295673076923077 0.44711538461538464 0.027644230769230768 0.125
1 0.65625 0.44471153846153844 0.03125 0.12860576923076922
1 0.5637019230769231 0.4423076923076923 0.040865384615384616 0.12860576923076922
1 0.45913461538461536 0.4411057692307692 0.0625 0.1502403846153846
1 0.3545673076923077 0.4362980769230769 0.03485576923076923 0.1466346153846154
1 0.27403846153846156 0.43028846153846156 0.027644230769230768 0.140625
1 0.7620192307692307 0.5889423076923077 0.025240384615384616 0.1466346153846154
1 0.6838942307692307 0.5829326923076923 0.025240384615384616 0.1466346153846154
1 0.5360576923076923 0.5817307692307693 0.046875 0.1502403846153846
1 0.4423076923076923 0.5865384615384616 0.040865384615384616 0.1346153846153846
1 0.35096153846153844 0.578125 0.027644230769230768 0.1310096153846154
1 0.22596153846153846 0.5745192307692307 0.027644230769230768 0.1310096153846154