1 0.8329326923076923 0.140625 0.046875 0.15625
1 0.6237980769230769 0.1466346153846154 0.040865384615384616 0.1502403846153846
1 0.5324519230769231 0.1502403846153846 0.03485576923076923 0.1502403846153846
1 0.31971153846153844 0.12860576923076922 0.15264423076923078 0.11899038461538461
1 0.7716346153846154 0.2956730769230769 0.03125 0.1346153846153846
1 0.6983173076923077 0.296875 0.027644230769230768 0.1310096153846154
1 0.5793269230769231 0.2980769230769231 0.09014423076923077 0.1346153846153846
1 0.4110576923076923 0.27403846153846156 0.03485576923076923 0.15985576923076922
1 0.8185096153846154 0.4338942307692308 0.056490384615384616 0.125
1 0.7307692307692307 0.4362980769230769 0.01201923076923077 0.12139423076923077
1 0.6610576923076923 0.4338942307692308 0.015625 0.11899038461538461
1 0.5721153846153846 0.4362980769230769 0.056490384615384616 0.12860576923076922
1 0.4266826923076923 0.4338942307692308 0.021634615384615384 0.14423076923076922
1 0.3894230769230769 0.4338942307692308 0.021634615384615384 0.1502403846153846
1 0.3233173076923077 0.4338942307692308 0.015625 0.14423076923076922
1 0.7307692307692307 0.5841346153846154 0.09375 0.1502403846153846
1 0.6322115384615384 0.5829326923076923 0.040865384615384616 0.140625
1 0.5685096153846154 0.5841346153846154 0.05048076923076923 0.14423076923076922
1 0.5036057692307693 0.5817307692307693 0.03125 0.14423076923076922
1 0.4387019230769231 0.5841346153846154 0.052884615384615384 0.13701923076923078
1 0.3425480769230769 0.5829326923076923 0.040865384615384616 0.12860576923076922