1 0.2439903846153846 0.15625 0.025240384615384616 0.1502403846153846
1 0.3918269230769231 0.15985576923076922 0.015625 0.1502403846153846
1 0.6442307692307693 0.140625 0.025240384615384616 0.11298076923076923
1 0.7283653846153846 0.13701923076923078 0.025240384615384616 0.11298076923076923
1 0.2932692307692308 0.30288461538461536 0.025240384615384616 0.125
1 0.3786057692307692 0.30649038461538464 0.025240384615384616 0.125
1 0.4795673076923077 0.30288461538461536 0.07211538461538461 0.1310096153846154
1 0.5901442307692307 0.28125 0.03125 0.15625
1 0.6682692307692307 0.2776442307692308 0.025240384615384616 0.15625
1 0.7223557692307693 0.28125 0.03125 0.15625
1 0.2439903846153846 0.4411057692307692 0.03125 0.1310096153846154
1 0.38461538461538464 0.4411057692307692 0.037259615384615384 0.125
1 0.53125 0.4411057692307692 0.03125 0.1502403846153846
1 0.6153846153846154 0.4411057692307692 0.03125 0.1502403846153846
1 0.7067307692307693 0.4375 0.03125 0.14423076923076922
1 0.2403846153846154 0.5877403846153846 0.03125 0.14423076923076922
1 0.2956730769230769 0.5877403846153846 0.021634615384615384 0.14423076923076922
1 0.35336538461538464 0.5877403846153846 0.025240384615384616 0.1502403846153846
1 0.40625 0.5841346153846154 0.03125 0.1502403846153846
1 0.46274038461538464 0.5841346153846154 0.037259615384615384 0.1502403846153846
1 0.7692307692307693 0.578125 0.03125 0.1310096153846154