1 0.25600961538461536 0.5877403846153846 0.019230769230769232 0.14423076923076922
1 0.3293269230769231 0.5817307692307693 0.009615384615384616 0.14423076923076922
1 0.36899038461538464 0.5817307692307693 0.01201923076923077 0.14423076923076922
1 0.4050480769230769 0.5817307692307693 0.015625 0.14423076923076922
1 0.4423076923076923 0.5817307692307693 0.015625 0.14423076923076922
1 0.47596153846153844 0.578125 0.009615384615384616 0.14423076923076922
1 0.5432692307692307 0.5841346153846154 0.01201923076923077 0.1310096153846154
1 0.6622596153846154 0.5817307692307693 0.01201923076923077 0.125
1 0.7764423076923077 0.578125 0.015625 0.1310096153846154
1 0.22956730769230768 0.4375 0.009615384615384616 0.125
1 0.2980769230769231 0.4411057692307692 0.009615384615384616 0.125
1 0.35096153846153844 0.4411057692307692 0.009615384615384616 0.125
1 0.3858173076923077 0.4375 0.009615384615384616 0.11899038461538461
1 0.4519230769230769 0.4375 0.009615384615384616 0.11899038461538461
1 0.5168269230769231 0.4375 0.009615384615384616 0.14423076923076922
1 0.5769230769230769 0.4338942307692308 0.009615384615384616 0.14423076923076922
1 0.6466346153846154 0.4375 0.01201923076923077 0.14423076923076922
1 0.7139423076923077 0.4338942307692308 0.015625 0.14423076923076922
1 0.796875 0.43149038461538464 0.01201923076923077 0.14423076923076922
1 0.2860576923076923 0.30288461538461536 0.009615384615384616 0.125
1 0.3545673076923077 0.30288461538461536 0.009615384615384616 0.125
1 0.4206730769230769 0.30288461538461536 0.009615384615384616 0.1310096153846154
1 0.4831730769230769 0.30649038461538464 0.009615384615384616 0.125
1 0.5204326923076923 0.28125 0.009615384615384616 0.1502403846153846
1 0.5865384615384616 0.28125 0.015625 0.1502403846153846
1 0.8028846153846154 0.13701923076923078 0.025240384615384616 0.11298076923076923
1 0.4831730769230769 0.15985576923076922 0.009615384615384616 0.1502403846153846
1 0.3581730769230769 0.15625 0.015625 0.14423076923076922
1 0.22235576923076922 0.15625 0.006009615384615385 0.14423076923076922