1 0.7800480769230769 0.16826923076923078 0.046875 0.15625
1 0.3317307692307692 0.1310096153846154 0.11298076923076923 0.11899038461538461
1 0.5576923076923077 0.15504807692307693 0.021634615384615384 0.15264423076923078
1 0.6778846153846154 0.3161057692307692 0.36899038461538464 0.1502403846153846
1 0.38100961538461536 0.2764423076923077 0.1310096153846154 0.15985576923076922
1 0.8088942307692307 0.4567307692307692 0.0625 0.125
1 0.703125 0.4519230769230769 0.03125 0.12860576923076922
1 0.5997596153846154 0.44711538461538464 0.11298076923076923 0.1310096153846154
1 0.421875 0.4326923076923077 0.037259615384615384 0.1466346153846154
1 0.1935096153846154 0.4182692307692308 0.07451923076923077 0.1502403846153846
1 0.5144230769230769 0.5829326923076923 0.05889423076923077 0.140625
1 0.41586538461538464 0.5817307692307693 0.037259615384615384 0.1310096153846154
1 0.171875 0.5637019230769231 0.04326923076923077 0.1346153846153846