1 0.828125 0.15625 0.04326923076923077 0.15625
1 0.6153846153846154 0.15625 0.03125 0.1502403846153846
1 0.5276442307692307 0.15625 0.025240384615384616 0.1502403846153846
1 0.32211538461538464 0.140625 0.1502403846153846 0.11298076923076923
1 0.7620192307692307 0.30649038461538464 0.03125 0.1310096153846154
1 0.6935096153846154 0.30288461538461536 0.025240384615384616 0.1310096153846154
1 0.5817307692307693 0.30649038461538464 0.08774038461538461 0.1310096153846154
1 0.41586538461538464 0.2824519230769231 0.03125 0.15985576923076922
1 0.8088942307692307 0.4411057692307692 0.05048076923076923 0.125
1 0.7235576923076923 0.4411057692307692 0.009615384615384616 0.125
1 0.6526442307692307 0.4375 0.01201923076923077 0.11899038461538461
1 0.5685096153846154 0.4411057692307692 0.056490384615384616 0.125
1 0.43028846153846156 0.4338942307692308 0.015625 0.14423076923076922
1 0.3918269230769231 0.4375 0.015625 0.1502403846153846
1 0.3269230769230769 0.4338942307692308 0.009615384615384616 0.14423076923076922
1 0.7199519230769231 0.5841346153846154 0.08413461538461539 0.14423076923076922
1 0.6286057692307693 0.5841346153846154 0.03125 0.13701923076923078
1 0.5661057692307693 0.5817307692307693 0.04326923076923077 0.14423076923076922
1 0.5036057692307693 0.578125 0.025240384615384616 0.14423076923076922
1 0.4375 0.5877403846153846 0.05048076923076923 0.1310096153846154
1 0.34375 0.5841346153846154 0.037259615384615384 0.125