1 0.1875 0.1658653846153846 0.04326923076923077 0.1502403846153846
1 0.4026442307692308 0.15264423076923078 0.1502403846153846 0.1622596153846154
1 0.5901442307692307 0.11899038461538461 0.01201923076923077 0.11298076923076923
1 0.6574519230769231 0.1141826923076923 0.015625 0.109375
1 0.8064903846153846 0.10576923076923077 0.06850961538461539 0.11899038461538461
1 0.15144230769230768 0.31971153846153844 0.03485576923076923 0.1346153846153846
1 0.2548076923076923 0.3137019230769231 0.040865384615384616 0.12860576923076922
1 0.3545673076923077 0.3088942307692308 0.040865384615384616 0.1310096153846154
1 0.4543269230769231 0.3016826923076923 0.046875 0.12860576923076922
1 0.5697115384615384 0.2668269230769231 0.03485576923076923 0.15985576923076922
1 0.7175480769230769 0.25721153846153844 0.040865384615384616 0.15264423076923078
1 0.2920673076923077 0.453125 0.046875 0.125
1 0.375 0.44711538461538464 0.04326923076923077 0.125
1 0.5745192307692307 0.42788461538461536 0.037259615384615384 0.14423076923076922
1 0.6622596153846154 0.4206730769230769 0.03125 0.1466346153846154
1 0.7439903846153846 0.4170673076923077 0.037259615384615384 0.1466346153846154
1 0.18629807692307693 0.6105769230769231 0.040865384615384616 0.15264423076923078
1 0.2800480769230769 0.6009615384615384 0.040865384615384616 0.15985576923076922
1 0.3449519230769231 0.5973557692307693 0.03485576923076923 0.1502403846153846
1 0.4026442307692308 0.5925480769230769 0.04326923076923077 0.15264423076923078
1 0.4891826923076923 0.5829326923076923 0.03485576923076923 0.1466346153846154
1 0.6862980769230769 0.5721153846153846 0.03485576923076923 0.1310096153846154
1 0.8028846153846154 0.5612980769230769 0.10576923076923077 0.140625