1 0.30528846153846156 0.15144230769230768 0.027644230769230768 0.1466346153846154
1 0.4723557692307692 0.15504807692307693 0.025240384615384616 0.15264423076923078
1 0.59375 0.140625 0.03125 0.09975961538461539
1 0.6754807692307693 0.14423076923076922 0.025240384615384616 0.09975961538461539
1 0.20192307692307693 0.2932692307692308 0.09735576923076923 0.1310096153846154
1 0.33653846153846156 0.3004807692307692 0.021634615384615384 0.125
1 0.40625 0.30528846153846156 0.03125 0.1346153846153846
1 0.4987980769230769 0.30528846153846156 0.040865384615384616 0.12860576923076922
1 0.5889423076923077 0.2860576923076923 0.040865384615384616 0.15264423076923078
1 0.734375 0.2860576923076923 0.03125 0.15264423076923078
1 0.2536057692307692 0.4338942307692308 0.03125 0.125
1 0.328125 0.4338942307692308 0.037259615384615384 0.125
1 0.4206730769230769 0.4362980769230769 0.07211538461538461 0.11538461538461539
1 0.5360576923076923 0.4387019230769231 0.046875 0.1466346153846154
1 0.6201923076923077 0.4411057692307692 0.03485576923076923 0.14423076923076922
1 0.7199519230769231 0.44350961538461536 0.03485576923076923 0.14423076923076922
1 0.19110576923076922 0.5769230769230769 0.07451923076923077 0.1466346153846154
1 0.30288461538461536 0.5769230769230769 0.037259615384615384 0.1466346153846154
1 0.5661057692307693 0.5865384615384616 0.037259615384615384 0.12860576923076922
1 0.8004807692307693 0.5889423076923077 0.0625 0.12860576923076922