1 0.7403846153846154 0.14182692307692307 0.03125 0.15264423076923078
1 0.5901442307692307 0.15504807692307693 0.025240384615384616 0.15264423076923078
1 0.3401442307692308 0.14903846153846154 0.03125 0.11538461538461539
1 0.2548076923076923 0.1502403846153846 0.027644230769230768 0.11298076923076923
1 0.6971153846153846 0.2920673076923077 0.03125 0.12860576923076922
1 0.6129807692307693 0.2980769230769231 0.03125 0.12860576923076922
1 0.5108173076923077 0.3016826923076923 0.078125 0.1346153846153846
1 0.39903846153846156 0.2860576923076923 0.040865384615384616 0.15985576923076922
1 0.32211538461538464 0.28846153846153844 0.03125 0.15985576923076922
1 0.2692307692307692 0.2956730769230769 0.037259615384615384 0.15985576923076922
1 0.7548076923076923 0.4266826923076923 0.040865384615384616 0.1346153846153846
1 0.6129807692307693 0.4362980769230769 0.04326923076923077 0.12860576923076922
1 0.4651442307692308 0.4411057692307692 0.037259615384615384 0.1502403846153846
1 0.38100961538461536 0.44711538461538464 0.037259615384615384 0.1502403846153846
1 0.2932692307692308 0.44711538461538464 0.037259615384615384 0.14423076923076922
1 0.765625 0.5733173076923077 0.037259615384615384 0.1466346153846154
1 0.7115384615384616 0.5769230769230769 0.027644230769230768 0.1466346153846154
1 0.6550480769230769 0.5817307692307693 0.03485576923076923 0.1502403846153846
1 0.5997596153846154 0.5817307692307693 0.037259615384615384 0.1502403846153846
1 0.5432692307692307 0.5841346153846154 0.04326923076923077 0.1502403846153846
1 0.23557692307692307 0.59375 0.040865384615384616 0.1310096153846154