1 0.171875 0.15625 0.04326923076923077 0.15625
1 0.38461538461538464 0.15625 0.03125 0.1502403846153846
1 0.4723557692307692 0.15625 0.025240384615384616 0.1502403846153846
1 0.6778846153846154 0.140625 0.1502403846153846 0.11298076923076923
1 0.23798076923076922 0.30649038461538464 0.03125 0.1310096153846154
1 0.30649038461538464 0.30288461538461536 0.025240384615384616 0.1310096153846154
1 0.4182692307692308 0.30649038461538464 0.08774038461538461 0.1310096153846154
1 0.5841346153846154 0.2824519230769231 0.03125 0.15985576923076922
1 0.19110576923076922 0.4411057692307692 0.05048076923076923 0.125
1 0.2764423076923077 0.4411057692307692 0.009615384615384616 0.125
1 0.3473557692307692 0.4375 0.01201923076923077 0.11899038461538461
1 0.43149038461538464 0.4411057692307692 0.056490384615384616 0.125
1 0.5697115384615384 0.4338942307692308 0.015625 0.14423076923076922
1 0.6081730769230769 0.4375 0.015625 0.1502403846153846
1 0.6730769230769231 0.4338942307692308 0.009615384615384616 0.14423076923076922
1 0.2800480769230769 0.5841346153846154 0.08413461538461539 0.14423076923076922
1 0.3713942307692308 0.5841346153846154 0.03125 0.13701923076923078
1 0.4338942307692308 0.5817307692307693 0.04326923076923077 0.14423076923076922
1 0.4963942307692308 0.578125 0.025240384615384616 0.14423076923076922
1 0.5625 0.5877403846153846 0.05048076923076923 0.1310096153846154
1 0.65625 0.5841346153846154 0.037259615384615384 0.125