1 0.20432692307692307 0.16826923076923078 0.03485576923076923 0.1502403846153846
1 0.3545673076923077 0.15985576923076922 0.03485576923076923 0.1502403846153846
1 0.6177884615384616 0.11899038461538461 0.040865384615384616 0.11298076923076923
1 0.7043269230769231 0.10576923076923077 0.03485576923076923 0.11298076923076923
1 0.27163461538461536 0.3173076923076923 0.037259615384615384 0.12860576923076922
1 0.3545673076923077 0.3112980769230769 0.03485576923076923 0.12860576923076922
1 0.44350961538461536 0.30288461538461536 0.05048076923076923 0.1310096153846154
1 0.5060096153846154 0.2704326923076923 0.037259615384615384 0.15264423076923078
1 0.5877403846153846 0.265625 0.037259615384615384 0.15625
1 0.6706730769230769 0.25600961538461536 0.03485576923076923 0.15625
1 0.8161057692307693 0.2403846153846154 0.05048076923076923 0.15625
1 0.16706730769230768 0.4639423076923077 0.040865384615384616 0.12860576923076922
1 0.2644230769230769 0.4543269230769231 0.03485576923076923 0.12139423076923077
1 0.33774038461538464 0.4495192307692308 0.037259615384615384 0.125
1 0.4326923076923077 0.4423076923076923 0.046875 0.12860576923076922
1 0.5408653846153846 0.43149038461538464 0.06850961538461539 0.1502403846153846
1 0.6418269230769231 0.4206730769230769 0.040865384615384616 0.1466346153846154
1 0.7235576923076923 0.4110576923076923 0.03485576923076923 0.140625
1 0.234375 0.6105769230769231 0.025240384615384616 0.1466346153846154
1 0.3173076923076923 0.6009615384615384 0.027644230769230768 0.1466346153846154
1 0.4675480769230769 0.5865384615384616 0.052884615384615384 0.15264423076923078
1 0.5612980769230769 0.5841346153846154 0.046875 0.13701923076923078
1 0.6514423076923077 0.5721153846153846 0.03485576923076923 0.1310096153846154
1 0.7872596153846154 0.5564903846153846 0.03125 0.1310096153846154