1 0.28725961538461536 0.16105769230769232 0.025240384615384616 0.1466346153846154
1 0.4543269230769231 0.15504807692307693 0.021634615384615384 0.15264423076923078
1 0.578125 0.13942307692307693 0.03125 0.10336538461538461
1 0.65625 0.1346153846153846 0.025240384615384616 0.09975961538461539
1 0.19230769230769232 0.3112980769230769 0.09735576923076923 0.12860576923076922
1 0.3269230769230769 0.3088942307692308 0.021634615384615384 0.125
1 0.39903846153846156 0.3112980769230769 0.027644230769230768 0.1346153846153846
1 0.49038461538461536 0.30528846153846156 0.037259615384615384 0.12860576923076922
1 0.5817307692307693 0.2800480769230769 0.037259615384615384 0.15264423076923078
1 0.7235576923076923 0.27403846153846156 0.027644230769230768 0.15264423076923078
1 0.2512019230769231 0.44711538461538464 0.027644230769230768 0.125
1 0.3269230769230769 0.44350961538461536 0.03485576923076923 0.125
1 0.4182692307692308 0.4387019230769231 0.06850961538461539 0.11538461538461539
1 0.5348557692307693 0.4387019230769231 0.04326923076923077 0.1466346153846154
1 0.6189903846153846 0.4338942307692308 0.03125 0.14423076923076922
1 0.71875 0.4338942307692308 0.03125 0.14423076923076922
1 0.19831730769230768 0.5925480769230769 0.07211538461538461 0.1466346153846154
1 0.3076923076923077 0.5865384615384616 0.03485576923076923 0.1466346153846154
1 0.5697115384615384 0.5829326923076923 0.03485576923076923 0.12860576923076922
1 0.8076923076923077 0.5733173076923077 0.05889423076923077 0.12860576923076922