1 0.7560096153846154 0.15985576923076922 0.025240384615384616 0.1502403846153846
1 0.609375 0.15625 0.025240384615384616 0.1502403846153846
1 0.3557692307692308 0.14182692307692307 0.03125 0.109375
1 0.2692307692307692 0.13701923076923078 0.025240384615384616 0.11298076923076923
1 0.7091346153846154 0.30649038461538464 0.03125 0.125
1 0.6189903846153846 0.30649038461538464 0.025240384615384616 0.125
1 0.5348557692307693 0.30288461538461536 0.04326923076923077 0.125
1 0.4723557692307692 0.2848557692307692 0.025240384615384616 0.15625
1 0.3942307692307692 0.28125 0.03125 0.15625
1 0.3161057692307692 0.2776442307692308 0.025240384615384616 0.15625
1 0.171875 0.2776442307692308 0.037259615384615384 0.15625
1 0.8185096153846154 0.4375 0.03125 0.125
1 0.7283653846153846 0.44350961538461536 0.025240384615384616 0.125
1 0.6526442307692307 0.4411057692307692 0.03125 0.125
1 0.5625 0.4411057692307692 0.037259615384615384 0.125
1 0.4567307692307692 0.4411057692307692 0.0625 0.1502403846153846
1 0.35336538461538464 0.4375 0.03125 0.14423076923076922
1 0.27163461538461536 0.4338942307692308 0.025240384615384616 0.13701923076923078
1 0.7644230769230769 0.5841346153846154 0.021634615384615384 0.14423076923076922
1 0.6875 0.5817307692307693 0.025240384615384616 0.14423076923076922
1 0.5372596153846154 0.5817307692307693 0.04326923076923077 0.1502403846153846
1 0.44350961538461536 0.5877403846153846 0.037259615384615384 0.1310096153846154
1 0.35336538461538464 0.5817307692307693 0.025240384615384616 0.1310096153846154
1 0.2283653846153846 0.578125 0.025240384615384616 0.1310096153846154