1 0.7980769230769231 0.15144230769230768 0.009615384615384616 0.1466346153846154
1 0.6610576923076923 0.15144230769230768 0.009615384615384616 0.1466346153846154
1 0.5240384615384616 0.14903846153846154 0.009615384615384616 0.15264423076923078
1 0.39903846153846156 0.1201923076923077 0.009615384615384616 0.109375
1 0.328125 0.11778846153846154 0.01201923076923077 0.11538461538461539
1 0.19831730769230768 0.11899038461538461 0.021634615384615384 0.11298076923076923
1 0.7295673076923077 0.30288461538461536 0.015625 0.125
1 0.65625 0.30288461538461536 0.01201923076923077 0.1310096153846154
1 0.5901442307692307 0.3016826923076923 0.01201923076923077 0.12860576923076922
1 0.5216346153846154 0.3004807692307692 0.01201923076923077 0.1310096153846154
1 0.4855769230769231 0.27403846153846156 0.009615384615384616 0.15985576923076922
1 0.41586538461538464 0.2692307692307692 0.01201923076923077 0.15625
1 0.7776442307692307 0.44711538461538464 0.01201923076923077 0.1310096153846154
1 0.7091346153846154 0.44350961538461536 0.01201923076923077 0.125
1 0.6550480769230769 0.44350961538461536 0.009615384615384616 0.125
1 0.6189903846153846 0.4411057692307692 0.01201923076923077 0.125
1 0.5528846153846154 0.4375 0.01201923076923077 0.125
1 0.4855769230769231 0.4338942307692308 0.009615384615384616 0.1502403846153846
1 0.4182692307692308 0.4326923076923077 0.01201923076923077 0.1466346153846154
1 0.35096153846153844 0.43028846153846156 0.009615384615384616 0.1466346153846154
1 0.2824519230769231 0.4230769230769231 0.015625 0.1466346153846154
1 0.1935096153846154 0.4206730769230769 0.01201923076923077 0.1466346153846154
1 0.7439903846153846 0.5949519230769231 0.01201923076923077 0.15264423076923078
1 0.6706730769230769 0.5925480769230769 0.009615384615384616 0.1466346153846154
1 0.6346153846153846 0.5901442307692307 0.01201923076923077 0.1502403846153846
1 0.59375 0.5889423076923077 0.019230769230769232 0.1466346153846154
1 0.5564903846153846 0.5829326923076923 0.01201923076923077 0.1466346153846154
1 0.5204326923076923 0.5817307692307693 0.009615384615384616 0.14423076923076922
1 0.4519230769230769 0.5865384615384616 0.015625 0.1346153846153846
1 0.3293269230769231 0.578125 0.009615384615384616 0.1310096153846154
1 0.21153846153846154 0.5685096153846154 0.015625 0.1310096153846154