1 0.7487980769230769 0.5697115384615384 0.027644230769230768 0.1466346153846154
1 0.6754807692307693 0.5685096153846154 0.019230769230769232 0.14423076923076922
1 0.6358173076923077 0.5697115384615384 0.021634615384615384 0.1466346153846154
1 0.5997596153846154 0.5745192307692307 0.025240384615384616 0.14423076923076922
1 0.5661057692307693 0.578125 0.025240384615384616 0.14423076923076922
1 0.5276442307692307 0.5769230769230769 0.019230769230769232 0.1466346153846154
1 0.4639423076923077 0.5865384615384616 0.021634615384615384 0.1346153846153846
1 0.3425480769230769 0.5925480769230769 0.021634615384615384 0.12860576923076922
1 0.2283653846153846 0.5973557692307693 0.025240384615384616 0.1310096153846154
1 0.765625 0.4182692307692308 0.019230769230769232 0.125
1 0.6971153846153846 0.4254807692307692 0.019230769230769232 0.125
1 0.6442307692307693 0.42788461538461536 0.019230769230769232 0.125
1 0.609375 0.43028846153846156 0.019230769230769232 0.12139423076923077
1 0.5432692307692307 0.4362980769230769 0.019230769230769232 0.12139423076923077
1 0.47836538461538464 0.4387019230769231 0.019230769230769232 0.1466346153846154
1 0.4182692307692308 0.4423076923076923 0.019230769230769232 0.1466346153846154
1 0.3485576923076923 0.44711538461538464 0.021634615384615384 0.14423076923076922
1 0.28125 0.4519230769230769 0.025240384615384616 0.1466346153846154
1 0.19831730769230768 0.453125 0.021634615384615384 0.14423076923076922
1 0.6995192307692307 0.28846153846153844 0.019230769230769232 0.12860576923076922
1 0.6310096153846154 0.2932692307692308 0.019230769230769232 0.125
1 0.5661057692307693 0.3004807692307692 0.019230769230769232 0.1310096153846154
1 0.5036057692307693 0.30528846153846156 0.019230769230769232 0.12860576923076922
1 0.46274038461538464 0.28125 0.019230769230769232 0.1502403846153846
1 0.39663461538461536 0.28725961538461536 0.025240384615384616 0.1502403846153846
1 0.171875 0.15985576923076922 0.03125 0.11298076923076923
1 0.49399038461538464 0.15985576923076922 0.019230769230769232 0.1502403846153846
1 0.6189903846153846 0.14543269230769232 0.025240384615384616 0.1466346153846154
1 0.7512019230769231 0.13581730769230768 0.015625 0.1466346153846154