1 0.7439903846153846 0.5877403846153846 0.019230769230769232 0.14423076923076922
1 0.6706730769230769 0.5817307692307693 0.009615384615384616 0.14423076923076922
1 0.6310096153846154 0.5817307692307693 0.01201923076923077 0.14423076923076922
1 0.5949519230769231 0.5817307692307693 0.015625 0.14423076923076922
1 0.5576923076923077 0.5817307692307693 0.015625 0.14423076923076922
1 0.5240384615384616 0.578125 0.009615384615384616 0.14423076923076922
1 0.4567307692307692 0.5841346153846154 0.01201923076923077 0.1310096153846154
1 0.33774038461538464 0.5817307692307693 0.01201923076923077 0.125
1 0.22355769230769232 0.578125 0.015625 0.1310096153846154
1 0.7704326923076923 0.4375 0.009615384615384616 0.125
1 0.7019230769230769 0.4411057692307692 0.009615384615384616 0.125
1 0.6490384615384616 0.4411057692307692 0.009615384615384616 0.125
1 0.6141826923076923 0.4375 0.009615384615384616 0.11899038461538461
1 0.5480769230769231 0.4375 0.009615384615384616 0.11899038461538461
1 0.4831730769230769 0.4375 0.009615384615384616 0.14423076923076922
1 0.4230769230769231 0.4338942307692308 0.009615384615384616 0.14423076923076922
1 0.35336538461538464 0.4375 0.01201923076923077 0.14423076923076922
1 0.2860576923076923 0.4338942307692308 0.015625 0.14423076923076922
1 0.203125 0.43149038461538464 0.01201923076923077 0.14423076923076922
1 0.7139423076923077 0.30288461538461536 0.009615384615384616 0.125
1 0.6454326923076923 0.30288461538461536 0.009615384615384616 0.125
1 0.5793269230769231 0.30288461538461536 0.009615384615384616 0.1310096153846154
1 0.5168269230769231 0.30649038461538464 0.009615384615384616 0.125
1 0.4795673076923077 0.28125 0.009615384615384616 0.1502403846153846
1 0.41346153846153844 0.28125 0.015625 0.1502403846153846
1 0.1971153846153846 0.13701923076923078 0.025240384615384616 0.11298076923076923
1 0.5168269230769231 0.15985576923076922 0.009615384615384616 0.1502403846153846
1 0.6418269230769231 0.15625 0.015625 0.14423076923076922
1 0.7776442307692307 0.15625 0.006009615384615385 0.14423076923076922