1 0.7692307692307693 0.16706730769230768 0.03125 0.15264423076923078
1 0.6213942307692307 0.1622596153846154 0.03125 0.1502403846153846
1 0.36538461538461536 0.13942307692307693 0.037259615384615384 0.109375
1 0.2776442307692308 0.1310096153846154 0.03125 0.11298076923076923
1 0.7139423076923077 0.3137019230769231 0.03485576923076923 0.12860576923076922
1 0.6213942307692307 0.3112980769230769 0.03125 0.12860576923076922
1 0.5384615384615384 0.30528846153846156 0.046875 0.12860576923076922
1 0.47836538461538464 0.28125 0.03125 0.15625
1 0.39903846153846156 0.2800480769230769 0.03485576923076923 0.15985576923076922
1 0.32211538461538464 0.27403846153846156 0.03125 0.15985576923076922
1 0.1778846153846154 0.265625 0.04326923076923077 0.15625
1 0.8185096153846154 0.4483173076923077 0.037259615384615384 0.12860576923076922
1 0.7283653846153846 0.4495192307692308 0.03125 0.125
1 0.6550480769230769 0.44471153846153844 0.03485576923076923 0.12860576923076922
1 0.5625 0.4423076923076923 0.04326923076923077 0.12860576923076922
1 0.4579326923076923 0.4375 0.06610576923076923 0.1502403846153846
1 0.35336538461538464 0.4326923076923077 0.037259615384615384 0.1466346153846154
1 0.27163461538461536 0.4266826923076923 0.03125 0.140625
1 0.7572115384615384 0.5925480769230769 0.027644230769230768 0.1466346153846154
1 0.6826923076923077 0.5865384615384616 0.027644230769230768 0.1466346153846154
1 0.53125 0.5841346153846154 0.05048076923076923 0.1502403846153846
1 0.4375 0.5865384615384616 0.04326923076923077 0.1346153846153846
1 0.3473557692307692 0.578125 0.03125 0.1310096153846154
1 0.2247596153846154 0.5685096153846154 0.03125 0.1310096153846154