1 0.7307692307692307 0.14182692307692307 0.037259615384615384 0.15264423076923078
1 0.5841346153846154 0.1502403846153846 0.037259615384615384 0.1502403846153846
1 0.3293269230769231 0.15264423076923078 0.040865384615384616 0.11298076923076923
1 0.24278846153846154 0.15504807692307693 0.03485576923076923 0.11538461538461539
1 0.6935096153846154 0.2920673076923077 0.037259615384615384 0.12860576923076922
1 0.6009615384615384 0.2980769230769231 0.03485576923076923 0.12860576923076922
1 0.5192307692307693 0.3016826923076923 0.05048076923076923 0.12860576923076922
1 0.453125 0.28725961538461536 0.037259615384615384 0.15625
1 0.3762019230769231 0.28846153846153844 0.040865384615384616 0.15985576923076922
1 0.3004807692307692 0.2920673076923077 0.037259615384615384 0.15985576923076922
1 0.15625 0.3004807692307692 0.05048076923076923 0.15625
1 0.8112980769230769 0.4170673076923077 0.040865384615384616 0.12860576923076922
1 0.7199519230769231 0.42788461538461536 0.03485576923076923 0.125
1 0.6466346153846154 0.43028846153846156 0.037259615384615384 0.12860576923076922
1 0.5552884615384616 0.4362980769230769 0.046875 0.12860576923076922
1 0.4519230769230769 0.4423076923076923 0.07211538461538461 0.15264423076923078
1 0.3473557692307692 0.4483173076923077 0.04326923076923077 0.1466346153846154
1 0.265625 0.4519230769230769 0.037259615384615384 0.140625
1 0.765625 0.5637019230769231 0.03125 0.1466346153846154
1 0.6887019230769231 0.5673076923076923 0.03485576923076923 0.1466346153846154
1 0.5408653846153846 0.578125 0.056490384615384616 0.1502403846153846
1 0.4483173076923077 0.5889423076923077 0.046875 0.1346153846153846
1 0.3581730769230769 0.59375 0.03485576923076923 0.1310096153846154
1 0.23317307692307693 0.5973557692307693 0.03485576923076923 0.1310096153846154