1 0.7752403846153846 0.15625 0.037259615384615384 0.1502403846153846
1 0.5745192307692307 0.15625 0.14423076923076922 0.15625
1 0.3894230769230769 0.13701923076923078 0.009615384615384616 0.11298076923076923
1 0.31850961538461536 0.13581730769230768 0.01201923076923077 0.109375
1 0.171875 0.1346153846153846 0.0625 0.11298076923076923
1 0.8245192307692307 0.30649038461538464 0.03125 0.1310096153846154
1 0.7223557692307693 0.30288461538461536 0.037259615384615384 0.125
1 0.6213942307692307 0.30649038461538464 0.037259615384615384 0.1310096153846154
1 0.53125 0.30649038461538464 0.04326923076923077 0.125
1 0.41225961538461536 0.2800480769230769 0.03125 0.15985576923076922
1 0.2692307692307692 0.28125 0.03125 0.15625
1 0.6995192307692307 0.4411057692307692 0.04326923076923077 0.125
1 0.6153846153846154 0.4411057692307692 0.037259615384615384 0.125
1 0.421875 0.4375 0.03125 0.14423076923076922
1 0.33413461538461536 0.4375 0.025240384615384616 0.1502403846153846
1 0.2536057692307692 0.4338942307692308 0.03125 0.14423076923076922
1 0.8125 0.5877403846153846 0.03125 0.1502403846153846
1 0.71875 0.5841346153846154 0.03125 0.14423076923076922
1 0.65625 0.5817307692307693 0.025240384615384616 0.14423076923076922
1 0.5973557692307693 0.5817307692307693 0.037259615384615384 0.14423076923076922
1 0.5120192307692307 0.5841346153846154 0.03125 0.14423076923076922
1 0.32211538461538464 0.5817307692307693 0.03125 0.1310096153846154
1 0.20673076923076922 0.5817307692307693 0.09975961538461539 0.13701923076923078