1 0.7848557692307693 0.171875 0.05048076923076923 0.15625
1 0.33774038461538464 0.12860576923076922 0.11298076923076923 0.11899038461538461
1 0.5637019230769231 0.15504807692307693 0.021634615384615384 0.15264423076923078
1 0.6826923076923077 0.31971153846153844 0.3713942307692308 0.15264423076923078
1 0.3858173076923077 0.27524038461538464 0.1346153846153846 0.1622596153846154
1 0.8088942307692307 0.46153846153846156 0.0625 0.12860576923076922
1 0.703125 0.4543269230769231 0.03125 0.12860576923076922
1 0.5985576923076923 0.4483173076923077 0.11538461538461539 0.1346153846153846
1 0.4230769230769231 0.4326923076923077 0.040865384615384616 0.1466346153846154
1 0.19471153846153846 0.41225961538461536 0.078125 0.1502403846153846
1 0.5120192307692307 0.5817307692307693 0.0625 0.14423076923076922
1 0.41225961538461536 0.578125 0.037259615384615384 0.1310096153846154
1 0.16826923076923078 0.5576923076923077 0.04326923076923077 0.1346153846153846