1 0.2536057692307692 0.5733173076923077 0.025240384615384616 0.1466346153846154
1 0.3269230769230769 0.5721153846153846 0.015625 0.14423076923076922
1 0.36538461538461536 0.5733173076923077 0.019230769230769232 0.1466346153846154
1 0.4014423076923077 0.578125 0.021634615384615384 0.14423076923076922
1 0.4387019230769231 0.578125 0.021634615384615384 0.14423076923076922
1 0.4735576923076923 0.5769230769230769 0.015625 0.1466346153846154
1 0.5408653846153846 0.5865384615384616 0.019230769230769232 0.1346153846153846
1 0.6598557692307693 0.5889423076923077 0.019230769230769232 0.12860576923076922
1 0.7740384615384616 0.59375 0.021634615384615384 0.1310096153846154
1 0.23557692307692307 0.421875 0.015625 0.125
1 0.30528846153846156 0.42788461538461536 0.015625 0.125
1 0.3545673076923077 0.43149038461538464 0.015625 0.125
1 0.3918269230769231 0.4326923076923077 0.015625 0.12139423076923077
1 0.4543269230769231 0.4362980769230769 0.015625 0.12139423076923077
1 0.5240384615384616 0.4387019230769231 0.015625 0.1466346153846154
1 0.5829326923076923 0.4387019230769231 0.015625 0.1466346153846154
1 0.6502403846153846 0.44350961538461536 0.019230769230769232 0.14423076923076922
1 0.7175480769230769 0.44471153846153844 0.021634615384615384 0.1466346153846154
1 0.8004807692307693 0.44711538461538464 0.019230769230769232 0.14423076923076922
1 0.2980769230769231 0.2920673076923077 0.015625 0.12860576923076922
1 0.36778846153846156 0.296875 0.015625 0.125
1 0.4326923076923077 0.3004807692307692 0.015625 0.1310096153846154
1 0.4951923076923077 0.30528846153846156 0.015625 0.12860576923076922
1 0.5324519230769231 0.28125 0.015625 0.1502403846153846
1 0.5985576923076923 0.2848557692307692 0.021634615384615384 0.1502403846153846
1 0.8233173076923077 0.15264423076923078 0.027644230769230768 0.11298076923076923
1 0.5012019230769231 0.15985576923076922 0.015625 0.1502403846153846
1 0.3762019230769231 0.14903846153846154 0.021634615384615384 0.1466346153846154
1 0.2439903846153846 0.14182692307692307 0.01201923076923077 0.1466346153846154