1 0.22956730769230768 0.16346153846153846 0.027644230769230768 0.15264423076923078
1 0.3798076923076923 0.16346153846153846 0.021634615384615384 0.15264423076923078
1 0.6310096153846154 0.13581730769230768 0.03125 0.11538461538461539
1 0.7175480769230769 0.1310096153846154 0.027644230769230768 0.11298076923076923
1 0.28846153846153844 0.3112980769230769 0.027644230769230768 0.12860576923076922
1 0.3737980769230769 0.3112980769230769 0.027644230769230768 0.12860576923076922
1 0.47475961538461536 0.30649038461538464 0.07451923076923077 0.1310096153846154
1 0.5841346153846154 0.2800480769230769 0.037259615384615384 0.15985576923076922
1 0.6610576923076923 0.27403846153846156 0.027644230769230768 0.15985576923076922
1 0.7139423076923077 0.27403846153846156 0.03485576923076923 0.15985576923076922
1 0.24278846153846154 0.453125 0.040865384615384616 0.1310096153846154
1 0.38221153846153844 0.44471153846153844 0.040865384615384616 0.12860576923076922
1 0.5300480769230769 0.4375 0.03485576923076923 0.1502403846153846
1 0.6141826923076923 0.4338942307692308 0.03485576923076923 0.1502403846153846
1 0.7019230769230769 0.42788461538461536 0.03485576923076923 0.14423076923076922
1 0.24278846153846154 0.5949519230769231 0.03485576923076923 0.1466346153846154
1 0.2980769230769231 0.5949519230769231 0.027644230769230768 0.1466346153846154
1 0.3557692307692308 0.59375 0.03125 0.1502403846153846
1 0.4074519230769231 0.5877403846153846 0.03485576923076923 0.1502403846153846
1 0.4675480769230769 0.5877403846153846 0.040865384615384616 0.1502403846153846
1 0.7716346153846154 0.5685096153846154 0.037259615384615384 0.1310096153846154