1 0.14903846153846154 0.18028846153846154 0.052884615384615384 0.15985576923076922
1 0.359375 0.1658653846153846 0.04326923076923077 0.1502403846153846
1 0.44711538461538464 0.15985576923076922 0.037259615384615384 0.1502403846153846
1 0.6514423076923077 0.12980769230769232 0.15985576923076922 0.12139423076923077
1 0.22235576923076922 0.3233173076923077 0.037259615384615384 0.1346153846153846
1 0.29086538461538464 0.31850961538461536 0.03125 0.1310096153846154
1 0.4050480769230769 0.3137019230769231 0.09735576923076923 0.1346153846153846
1 0.5673076923076923 0.2776442307692308 0.040865384615384616 0.1622596153846154
1 0.18629807692307693 0.46153846153846156 0.05889423076923077 0.12860576923076922
1 0.27163461538461536 0.4567307692307692 0.019230769230769232 0.125
1 0.3425480769230769 0.4483173076923077 0.021634615384615384 0.12139423076923077
1 0.4254807692307692 0.44711538461538464 0.0625 0.1310096153846154
1 0.5625 0.43028846153846156 0.025240384615384616 0.1466346153846154
1 0.5997596153846154 0.43028846153846156 0.025240384615384616 0.15264423076923078
1 0.6658653846153846 0.4230769230769231 0.019230769230769232 0.1466346153846154
1 0.2848557692307692 0.5997596153846154 0.09375 0.1502403846153846
1 0.375 0.5925480769230769 0.04326923076923077 0.140625
1 0.4387019230769231 0.5877403846153846 0.052884615384615384 0.14423076923076922
1 0.5 0.578125 0.037259615384615384 0.14423076923076922
1 0.5685096153846154 0.5829326923076923 0.056490384615384616 0.1346153846153846
1 0.6598557692307693 0.5733173076923077 0.04326923076923077 0.12860576923076922