1 0.7379807692307693 0.13701923076923078 0.05048076923076923 0.15625
1 0.28725961538461536 0.15625 0.11298076923076923 0.11899038461538461
1 0.5144230769230769 0.15144230769230768 0.021634615384615384 0.15264423076923078
1 0.6550480769230769 0.2956730769230769 0.3713942307692308 0.15264423076923078
1 0.3545673076923077 0.2932692307692308 0.1346153846153846 0.1622596153846154
1 0.8004807692307693 0.4170673076923077 0.0625 0.12860576923076922
1 0.6971153846153846 0.4266826923076923 0.03125 0.12860576923076922
1 0.5925480769230769 0.4362980769230769 0.11538461538461539 0.1346153846153846
1 0.41346153846153844 0.44471153846153844 0.040865384615384616 0.1466346153846154
1 0.18629807692307693 0.4567307692307692 0.078125 0.1502403846153846
1 0.5252403846153846 0.578125 0.0625 0.14423076923076922
1 0.4254807692307692 0.5901442307692307 0.037259615384615384 0.1310096153846154
1 0.1814903846153846 0.6009615384615384 0.04326923076923077 0.1346153846153846