1 0.25600961538461536 0.14903846153846154 0.03125 0.15264423076923078
1 0.4026442307692308 0.15264423076923078 0.03125 0.1502403846153846
1 0.6598557692307693 0.14903846153846154 0.037259615384615384 0.109375
1 0.7463942307692307 0.1466346153846154 0.03125 0.11298076923076923
1 0.2980769230769231 0.2980769230769231 0.03485576923076923 0.12860576923076922
1 0.390625 0.3016826923076923 0.03125 0.12860576923076922
1 0.4735576923076923 0.3016826923076923 0.046875 0.12860576923076922
1 0.5372596153846154 0.2848557692307692 0.03125 0.15625
1 0.6177884615384616 0.2860576923076923 0.03485576923076923 0.15985576923076922
1 0.6935096153846154 0.2860576923076923 0.03125 0.15985576923076922
1 0.8377403846153846 0.28725961538461536 0.04326923076923077 0.15625
1 0.1875 0.4266826923076923 0.037259615384615384 0.12860576923076922
1 0.27524038461538464 0.4338942307692308 0.03125 0.125
1 0.3485576923076923 0.4362980769230769 0.03485576923076923 0.12860576923076922
1 0.4411057692307692 0.4387019230769231 0.04326923076923077 0.12860576923076922
1 0.5456730769230769 0.4411057692307692 0.06610576923076923 0.1502403846153846
1 0.6502403846153846 0.4423076923076923 0.037259615384615384 0.1466346153846154
1 0.7307692307692307 0.4423076923076923 0.03125 0.140625
1 0.23557692307692307 0.5733173076923077 0.027644230769230768 0.1466346153846154
1 0.3112980769230769 0.5733173076923077 0.027644230769230768 0.1466346153846154
1 0.46274038461538464 0.5817307692307693 0.05048076923076923 0.1502403846153846
1 0.5564903846153846 0.5889423076923077 0.04326923076923077 0.1346153846153846
1 0.6466346153846154 0.5877403846153846 0.03125 0.1310096153846154
1 0.7692307692307693 0.5877403846153846 0.03125 0.1310096153846154