1 0.2403846153846154 0.140625 0.03125 0.1502403846153846
1 0.390625 0.14182692307692307 0.025240384615384616 0.15264423076923078
1 0.6550480769230769 0.13221153846153846 0.03485576923076923 0.11538461538461539
1 0.7439903846153846 0.1346153846153846 0.03125 0.11298076923076923
1 0.29086538461538464 0.2956730769230769 0.03125 0.12860576923076922
1 0.3786057692307692 0.2956730769230769 0.03125 0.12860576923076922
1 0.4831730769230769 0.2980769230769231 0.078125 0.1346153846153846
1 0.5925480769230769 0.27524038461538464 0.040865384615384616 0.15625
1 0.6766826923076923 0.27524038461538464 0.03485576923076923 0.15625
1 0.7331730769230769 0.2776442307692308 0.040865384615384616 0.15625
1 0.23557692307692307 0.43149038461538464 0.040865384615384616 0.1310096153846154
1 0.38100961538461536 0.4362980769230769 0.04326923076923077 0.12860576923076922
1 0.53125 0.4362980769230769 0.037259615384615384 0.1466346153846154
1 0.6189903846153846 0.4362980769230769 0.037259615384615384 0.1466346153846154
1 0.7067307692307693 0.4375 0.037259615384615384 0.14423076923076922
1 0.23317307692307693 0.5829326923076923 0.03485576923076923 0.1466346153846154
1 0.28846153846153844 0.5829326923076923 0.027644230769230768 0.1466346153846154
1 0.3449519230769231 0.5841346153846154 0.03485576923076923 0.1502403846153846
1 0.39903846153846156 0.5841346153846154 0.03485576923076923 0.1502403846153846
1 0.4567307692307692 0.5829326923076923 0.04326923076923077 0.15264423076923078
1 0.7716346153846154 0.5877403846153846 0.037259615384615384 0.1310096153846154