1 0.21995192307692307 0.16826923076923078 0.046875 0.15625
1 0.6682692307692307 0.1310096153846154 0.11298076923076923 0.11899038461538461
1 0.4423076923076923 0.15504807692307693 0.021634615384615384 0.15264423076923078
1 0.32211538461538464 0.3161057692307692 0.36899038461538464 0.1502403846153846
1 0.6189903846153846 0.2764423076923077 0.1310096153846154 0.15985576923076922
1 0.19110576923076922 0.4567307692307692 0.0625 0.125
1 0.296875 0.4519230769230769 0.03125 0.12860576923076922
1 0.40024038461538464 0.44711538461538464 0.11298076923076923 0.1310096153846154
1 0.578125 0.4326923076923077 0.037259615384615384 0.1466346153846154
1 0.8064903846153846 0.4182692307692308 0.07451923076923077 0.1502403846153846
1 0.4855769230769231 0.5829326923076923 0.05889423076923077 0.140625
1 0.5841346153846154 0.5817307692307693 0.037259615384615384 0.1310096153846154
1 0.828125 0.5637019230769231 0.04326923076923077 0.1346153846153846