1 0.2692307692307692 0.17307692307692307 0.03125 0.1466346153846154
1 0.4362980769230769 0.15745192307692307 0.027644230769230768 0.15264423076923078
1 0.5564903846153846 0.1346153846153846 0.037259615384615384 0.10576923076923077
1 0.6358173076923077 0.12860576923076922 0.027644230769230768 0.09975961538461539
1 0.18269230769230768 0.328125 0.10336538461538461 0.1310096153846154
1 0.3173076923076923 0.31850961538461536 0.027644230769230768 0.125
1 0.3858173076923077 0.3173076923076923 0.03485576923076923 0.1346153846153846
1 0.47836538461538464 0.3076923076923077 0.04326923076923077 0.12860576923076922
1 0.5673076923076923 0.2764423076923077 0.046875 0.15264423076923078
1 0.7091346153846154 0.2644230769230769 0.037259615384615384 0.15264423076923078
1 0.24879807692307693 0.45913461538461536 0.03485576923076923 0.125
1 0.3233173076923077 0.453125 0.040865384615384616 0.125
1 0.41586538461538464 0.44350961538461536 0.07451923076923077 0.11899038461538461
1 0.5300480769230769 0.4362980769230769 0.052884615384615384 0.1466346153846154
1 0.6141826923076923 0.42788461538461536 0.040865384615384616 0.14423076923076922
1 0.7139423076923077 0.421875 0.040865384615384616 0.14423076923076922
1 0.20192307692307693 0.6057692307692307 0.078125 0.1502403846153846
1 0.3125 0.5985576923076923 0.04326923076923077 0.1466346153846154
1 0.5733173076923077 0.5793269230769231 0.040865384615384616 0.12860576923076922
1 0.8076923076923077 0.5588942307692307 0.06610576923076923 0.1310096153846154