1 0.7487980769230769 0.15504807692307693 0.027644230769230768 0.15264423076923078
1 0.6009615384615384 0.15625 0.027644230769230768 0.1502403846153846
1 0.3485576923076923 0.14543269230769232 0.03485576923076923 0.109375
1 0.2608173076923077 0.14423076923076922 0.027644230769230768 0.11298076923076923
1 0.7067307692307693 0.3016826923076923 0.03125 0.12860576923076922
1 0.6141826923076923 0.30528846153846156 0.027644230769230768 0.12860576923076922
1 0.53125 0.3016826923076923 0.04326923076923077 0.12860576923076922
1 0.4675480769230769 0.2848557692307692 0.027644230769230768 0.15625
1 0.3870192307692308 0.2824519230769231 0.03125 0.15985576923076922
1 0.3112980769230769 0.2824519230769231 0.027644230769230768 0.15985576923076922
1 0.16706730769230768 0.2848557692307692 0.040865384615384616 0.15625
1 0.8137019230769231 0.4326923076923077 0.03485576923076923 0.12860576923076922
1 0.7235576923076923 0.4375 0.027644230769230768 0.125
1 0.6502403846153846 0.4387019230769231 0.03125 0.12860576923076922
1 0.5576923076923077 0.4387019230769231 0.040865384615384616 0.12860576923076922
1 0.453125 0.4411057692307692 0.0625 0.1502403846153846
1 0.3485576923076923 0.4423076923076923 0.03485576923076923 0.1466346153846154
1 0.2668269230769231 0.4387019230769231 0.027644230769230768 0.140625
1 0.7620192307692307 0.5793269230769231 0.025240384615384616 0.1466346153846154
1 0.6875 0.5769230769230769 0.025240384615384616 0.1466346153846154
1 0.5360576923076923 0.5817307692307693 0.046875 0.1502403846153846
1 0.4423076923076923 0.5889423076923077 0.040865384615384616 0.1346153846153846
1 0.35096153846153844 0.5841346153846154 0.027644230769230768 0.1310096153846154
1 0.22956730769230768 0.5841346153846154 0.027644230769230768 0.1310096153846154