1 0.828125 0.15625 0.04326923076923077 0.15625
1 0.6189903846153846 0.15625 0.03125 0.1502403846153846
1 0.53125 0.15625 0.025240384615384616 0.1502403846153846
1 0.3245192307692308 0.140625 0.1502403846153846 0.11298076923076923
1 0.765625 0.30649038461538464 0.03125 0.1310096153846154
1 0.6971153846153846 0.30288461538461536 0.025240384615384616 0.1310096153846154
1 0.5817307692307693 0.30649038461538464 0.08774038461538461 0.1310096153846154
1 0.4182692307692308 0.2824519230769231 0.03125 0.15985576923076922
1 0.8125 0.4411057692307692 0.05048076923076923 0.125
1 0.7235576923076923 0.4411057692307692 0.009615384615384616 0.125
1 0.6526442307692307 0.4375 0.01201923076923077 0.11899038461538461
1 0.5685096153846154 0.4411057692307692 0.056490384615384616 0.125
1 0.4326923076923077 0.4338942307692308 0.015625 0.14423076923076922
1 0.3954326923076923 0.4375 0.015625 0.1502403846153846
1 0.3293269230769231 0.4338942307692308 0.009615384615384616 0.14423076923076922
1 0.7235576923076923 0.5841346153846154 0.08413461538461539 0.14423076923076922
1 0.6310096153846154 0.5841346153846154 0.03125 0.13701923076923078
1 0.5661057692307693 0.5817307692307693 0.04326923076923077 0.14423076923076922
1 0.5036057692307693 0.578125 0.025240384615384616 0.14423076923076922
1 0.4375 0.5877403846153846 0.05048076923076923 0.1310096153846154
1 0.34375 0.5841346153846154 0.037259615384615384 0.125