1 0.8425480769230769 0.16706730769230768 0.046875 0.15985576923076922
1 0.6310096153846154 0.1622596153846154 0.037259615384615384 0.1502403846153846
1 0.5432692307692307 0.15985576923076922 0.03125 0.1502403846153846
1 0.33774038461538464 0.1346153846153846 0.15625 0.11899038461538461
1 0.7704326923076923 0.3137019230769231 0.03485576923076923 0.1346153846153846
1 0.7019230769230769 0.3088942307692308 0.027644230769230768 0.1310096153846154
1 0.5889423076923077 0.3088942307692308 0.09014423076923077 0.1310096153846154
1 0.4266826923076923 0.2800480769230769 0.03485576923076923 0.15985576923076922
1 0.8125 0.4495192307692308 0.056490384615384616 0.125
1 0.7247596153846154 0.44711538461538464 0.01201923076923077 0.125
1 0.6550480769230769 0.4423076923076923 0.015625 0.12139423076923077
1 0.5697115384615384 0.44471153846153844 0.05889423076923077 0.12860576923076922
1 0.4326923076923077 0.4326923076923077 0.021634615384615384 0.1466346153846154
1 0.3954326923076923 0.4362980769230769 0.021634615384615384 0.15264423076923078
1 0.3329326923076923 0.43028846153846156 0.015625 0.1466346153846154
1 0.7199519230769231 0.5925480769230769 0.09014423076923077 0.1466346153846154
1 0.6286057692307693 0.5889423076923077 0.037259615384615384 0.140625
1 0.5637019230769231 0.5841346153846154 0.046875 0.14423076923076922
1 0.5 0.578125 0.03125 0.14423076923076922
1 0.4362980769230769 0.5865384615384616 0.052884615384615384 0.1346153846153846
1 0.3425480769230769 0.5769230769230769 0.040865384615384616 0.12860576923076922