1 0.2764423076923077 0.17067307692307693 0.027644230769230768 0.1466346153846154
1 0.4423076923076923 0.15745192307692307 0.027644230769230768 0.15264423076923078
1 0.5637019230769231 0.13581730769230768 0.03485576923076923 0.10336538461538461
1 0.6454326923076923 0.1310096153846154 0.027644230769230768 0.09975961538461539
1 0.1875 0.32211538461538464 0.09975961538461539 0.1310096153846154
1 0.32211538461538464 0.3161057692307692 0.025240384615384616 0.125
1 0.3918269230769231 0.3137019230769231 0.03485576923076923 0.1346153846153846
1 0.4807692307692308 0.30528846153846156 0.04326923076923077 0.12860576923076922
1 0.5721153846153846 0.2764423076923077 0.04326923076923077 0.15264423076923078
1 0.7139423076923077 0.2668269230769231 0.03485576923076923 0.15264423076923078
1 0.24879807692307693 0.4567307692307692 0.03485576923076923 0.125
1 0.3269230769230769 0.4495192307692308 0.040865384615384616 0.125
1 0.4170673076923077 0.44350961538461536 0.07211538461538461 0.11899038461538461
1 0.53125 0.4362980769230769 0.05048076923076923 0.1466346153846154
1 0.6153846153846154 0.43149038461538464 0.037259615384615384 0.14423076923076922
1 0.7151442307692307 0.4254807692307692 0.037259615384615384 0.14423076923076922
1 0.19951923076923078 0.6033653846153846 0.07451923076923077 0.1502403846153846
1 0.3112980769230769 0.5925480769230769 0.040865384615384616 0.1466346153846154
1 0.5733173076923077 0.5793269230769231 0.040865384615384616 0.12860576923076922
1 0.8076923076923077 0.5637019230769231 0.06610576923076923 0.12860576923076922