1 0.203125 0.17668269230769232 0.019230769230769232 0.1466346153846154
1 0.3317307692307692 0.16706730769230768 0.019230769230769232 0.1466346153846154
1 0.4651442307692308 0.16105769230769232 0.019230769230769232 0.15264423076923078
1 0.5889423076923077 0.13221153846153846 0.015625 0.109375
1 0.6550480769230769 0.12620192307692307 0.021634615384615384 0.11538461538461539
1 0.7824519230769231 0.11899038461538461 0.027644230769230768 0.11298076923076923
1 0.27163461538461536 0.31850961538461536 0.025240384615384616 0.125
1 0.3449519230769231 0.31850961538461536 0.021634615384615384 0.1310096153846154
1 0.41225961538461536 0.3112980769230769 0.025240384615384616 0.12860576923076922
1 0.4735576923076923 0.3088942307692308 0.021634615384615384 0.1310096153846154
1 0.5072115384615384 0.2824519230769231 0.021634615384615384 0.15985576923076922
1 0.5721153846153846 0.2764423076923077 0.025240384615384616 0.15985576923076922
1 0.2283653846153846 0.46153846153846156 0.025240384615384616 0.1346153846153846
1 0.2956730769230769 0.4543269230769231 0.021634615384615384 0.12860576923076922
1 0.34975961538461536 0.4543269230769231 0.019230769230769232 0.12860576923076922
1 0.38221153846153844 0.44350961538461536 0.021634615384615384 0.11899038461538461
1 0.44471153846153844 0.44471153846153844 0.021634615384615384 0.12860576923076922
1 0.515625 0.4362980769230769 0.019230769230769232 0.15264423076923078
1 0.5769230769230769 0.4338942307692308 0.021634615384615384 0.1502403846153846
1 0.640625 0.42788461538461536 0.019230769230769232 0.1502403846153846
1 0.7091346153846154 0.4206730769230769 0.025240384615384616 0.1466346153846154
1 0.7980769230769231 0.4110576923076923 0.021634615384615384 0.1466346153846154
1 0.265625 0.6009615384615384 0.025240384615384616 0.1466346153846154
1 0.3401442307692308 0.5985576923076923 0.019230769230769232 0.1466346153846154
1 0.3737980769230769 0.59375 0.021634615384615384 0.1502403846153846
1 0.41225961538461536 0.5889423076923077 0.03125 0.1466346153846154
1 0.4519230769230769 0.5865384615384616 0.021634615384615384 0.1466346153846154
1 0.484375 0.5841346153846154 0.019230769230769232 0.14423076923076922
1 0.5528846153846154 0.5829326923076923 0.025240384615384616 0.1346153846153846
1 0.6682692307692307 0.5685096153846154 0.019230769230769232 0.1310096153846154
1 0.7872596153846154 0.5588942307692307 0.025240384615384616 0.1310096153846154