1 0.22956730769230768 0.1502403846153846 0.027644230769230768 0.1502403846153846
1 0.38100961538461536 0.1502403846153846 0.03125 0.1502403846153846
1 0.6466346153846154 0.12620192307692307 0.037259615384615384 0.109375
1 0.734375 0.12139423076923077 0.03125 0.11298076923076923
1 0.2860576923076923 0.3016826923076923 0.03485576923076923 0.12860576923076922
1 0.3713942307692308 0.3016826923076923 0.03125 0.12860576923076922
1 0.46153846153846156 0.2980769230769231 0.046875 0.12860576923076922
1 0.5252403846153846 0.2704326923076923 0.03125 0.15264423076923078
1 0.6057692307692307 0.27163461538461536 0.03125 0.15625
1 0.6887019230769231 0.2692307692307692 0.027644230769230768 0.15625
1 0.8341346153846154 0.2644230769230769 0.04326923076923077 0.15264423076923078
1 0.171875 0.4411057692307692 0.037259615384615384 0.125
1 0.2692307692307692 0.4387019230769231 0.03125 0.12139423076923077
1 0.3425480769230769 0.4375 0.03485576923076923 0.125
1 0.4375 0.4375 0.04326923076923077 0.125
1 0.5456730769230769 0.4326923076923077 0.06610576923076923 0.1466346153846154
1 0.6502403846153846 0.43149038461538464 0.037259615384615384 0.14423076923076922
1 0.7307692307692307 0.43028846153846156 0.03125 0.140625
1 0.22956730769230768 0.5925480769230769 0.021634615384615384 0.1466346153846154
1 0.3125 0.5889423076923077 0.025240384615384616 0.1466346153846154
1 0.46274038461538464 0.5841346153846154 0.05048076923076923 0.1502403846153846
1 0.5564903846153846 0.5889423076923077 0.04326923076923077 0.1346153846153846
1 0.6466346153846154 0.5817307692307693 0.03125 0.1310096153846154
1 0.7824519230769231 0.578125 0.027644230769230768 0.1310096153846154