1 0.23798076923076922 0.15264423076923078 0.037259615384615384 0.15625
1 0.6875 0.140625 0.10576923076923077 0.11298076923076923
1 0.45913461538461536 0.15264423076923078 0.01201923076923077 0.1502403846153846
1 0.3317307692307692 0.30649038461538464 0.3629807692307692 0.1310096153846154
1 0.6310096153846154 0.2848557692307692 0.125 0.15625
1 0.1935096153846154 0.4411057692307692 0.056490384615384616 0.125
1 0.3004807692307692 0.4411057692307692 0.025240384615384616 0.125
1 0.4026442307692308 0.4411057692307692 0.10576923076923077 0.125
1 0.5817307692307693 0.4375 0.03125 0.14423076923076922
1 0.8088942307692307 0.4338942307692308 0.06850961538461539 0.14423076923076922
1 0.4807692307692308 0.5817307692307693 0.05048076923076923 0.13701923076923078
1 0.5817307692307693 0.5841346153846154 0.03125 0.1310096153846154
1 0.8245192307692307 0.5817307692307693 0.037259615384615384 0.1310096153846154