1 0.7403846153846154 0.5985576923076923 0.025240384615384616 0.1466346153846154
1 0.6634615384615384 0.5901442307692307 0.015625 0.14423076923076922
1 0.6286057692307693 0.5865384615384616 0.019230769230769232 0.1466346153846154
1 0.5889423076923077 0.5877403846153846 0.021634615384615384 0.14423076923076922
1 0.5552884615384616 0.5841346153846154 0.021634615384615384 0.14423076923076922
1 0.5168269230769231 0.5793269230769231 0.015625 0.1466346153846154
1 0.453125 0.5793269230769231 0.019230769230769232 0.1346153846153846
1 0.3317307692307692 0.5697115384615384 0.019230769230769232 0.12860576923076922
1 0.21995192307692307 0.5661057692307693 0.021634615384615384 0.1310096153846154
1 0.7740384615384616 0.4495192307692308 0.015625 0.125
1 0.7043269230769231 0.4495192307692308 0.015625 0.125
1 0.6514423076923077 0.44711538461538464 0.015625 0.125
1 0.6177884615384616 0.44471153846153844 0.015625 0.12139423076923077
1 0.5516826923076923 0.4423076923076923 0.015625 0.12139423076923077
1 0.4855769230769231 0.4362980769230769 0.015625 0.1466346153846154
1 0.4266826923076923 0.43028846153846156 0.015625 0.1466346153846154
1 0.3557692307692308 0.42788461538461536 0.019230769230769232 0.14423076923076922
1 0.28846153846153844 0.4230769230769231 0.021634615384615384 0.1466346153846154
1 0.2091346153846154 0.41586538461538464 0.019230769230769232 0.14423076923076922
1 0.7235576923076923 0.3137019230769231 0.015625 0.12860576923076922
1 0.6550480769230769 0.3125 0.015625 0.125
1 0.5889423076923077 0.3088942307692308 0.015625 0.1310096153846154
1 0.5264423076923077 0.3076923076923077 0.015625 0.12860576923076922
1 0.4891826923076923 0.2776442307692308 0.015625 0.1502403846153846
1 0.4230769230769231 0.27524038461538464 0.021634615384615384 0.1502403846153846
1 0.21754807692307693 0.12139423076923077 0.027644230769230768 0.11298076923076923
1 0.5324519230769231 0.1622596153846154 0.015625 0.1502403846153846
1 0.6610576923076923 0.16346153846153846 0.021634615384615384 0.1466346153846154
1 0.7932692307692307 0.17067307692307693 0.01201923076923077 0.1466346153846154