1 0.24879807692307693 0.13581730769230768 0.046875 0.15264423076923078
1 0.4519230769230769 0.1502403846153846 0.15264423076923078 0.16826923076923078
1 0.6346153846153846 0.1466346153846154 0.019230769230769232 0.11298076923076923
1 0.7067307692307693 0.15144230769230768 0.019230769230769232 0.109375
1 0.8509615384615384 0.15625 0.07211538461538461 0.11899038461538461
1 0.19110576923076922 0.2824519230769231 0.037259615384615384 0.1346153846153846
1 0.2932692307692308 0.2860576923076923 0.04326923076923077 0.12860576923076922
1 0.3942307692307692 0.3004807692307692 0.04326923076923077 0.1310096153846154
1 0.484375 0.30528846153846156 0.05048076923076923 0.12860576923076922
1 0.6009615384615384 0.28725961538461536 0.040865384615384616 0.1622596153846154
1 0.7439903846153846 0.296875 0.04326923076923077 0.15625
1 0.30288461538461536 0.4266826923076923 0.05048076923076923 0.12860576923076922
1 0.3894230769230769 0.4326923076923077 0.046875 0.12860576923076922
1 0.5841346153846154 0.44471153846153844 0.04326923076923077 0.1466346153846154
1 0.6706730769230769 0.44711538461538464 0.03485576923076923 0.1502403846153846
1 0.7512019230769231 0.4519230769230769 0.040865384615384616 0.1466346153846154
1 0.1814903846153846 0.5637019230769231 0.04326923076923077 0.15264423076923078
1 0.27524038461538464 0.5673076923076923 0.04326923076923077 0.1466346153846154
1 0.3389423076923077 0.5697115384615384 0.03485576923076923 0.1466346153846154
1 0.39903846153846156 0.5745192307692307 0.046875 0.14423076923076922
1 0.4795673076923077 0.5829326923076923 0.040865384615384616 0.1466346153846154
1 0.6730769230769231 0.59375 0.040865384615384616 0.1310096153846154
1 0.7884615384615384 0.6033653846153846 0.109375 0.14423076923076922