1 0.7439903846153846 0.14903846153846154 0.03125 0.15264423076923078
1 0.5973557692307693 0.15264423076923078 0.03125 0.1502403846153846
1 0.34375 0.14903846153846154 0.037259615384615384 0.109375
1 0.25600961538461536 0.1466346153846154 0.03125 0.11298076923076923
1 0.7043269230769231 0.2980769230769231 0.03485576923076923 0.12860576923076922
1 0.6129807692307693 0.3016826923076923 0.03125 0.12860576923076922
1 0.5300480769230769 0.3016826923076923 0.046875 0.12860576923076922
1 0.46274038461538464 0.2848557692307692 0.03125 0.15625
1 0.3858173076923077 0.2860576923076923 0.03485576923076923 0.15985576923076922
1 0.3088942307692308 0.2860576923076923 0.03125 0.15985576923076922
1 0.1622596153846154 0.28725961538461536 0.04326923076923077 0.15625
1 0.8161057692307693 0.4266826923076923 0.037259615384615384 0.12860576923076922
1 0.7247596153846154 0.4338942307692308 0.03125 0.125
1 0.6514423076923077 0.4362980769230769 0.03485576923076923 0.12860576923076922
1 0.5588942307692307 0.4387019230769231 0.04326923076923077 0.12860576923076922
1 0.4543269230769231 0.4411057692307692 0.06610576923076923 0.1502403846153846
1 0.34975961538461536 0.4423076923076923 0.037259615384615384 0.1466346153846154
1 0.2692307692307692 0.4423076923076923 0.03125 0.140625
1 0.7668269230769231 0.5733173076923077 0.027644230769230768 0.1466346153846154
1 0.6887019230769231 0.5733173076923077 0.027644230769230768 0.1466346153846154
1 0.5408653846153846 0.5817307692307693 0.05048076923076923 0.1502403846153846
1 0.44711538461538464 0.5889423076923077 0.04326923076923077 0.1346153846153846
1 0.3557692307692308 0.5877403846153846 0.03125 0.1310096153846154
1 0.23076923076923078 0.5877403846153846 0.03125 0.1310096153846154