1 0.7596153846153846 0.140625 0.03125 0.1502403846153846
1 0.609375 0.14182692307692307 0.025240384615384616 0.15264423076923078
1 0.3449519230769231 0.13221153846153846 0.03485576923076923 0.11538461538461539
1 0.25600961538461536 0.1346153846153846 0.03125 0.11298076923076923
1 0.7091346153846154 0.2956730769230769 0.03125 0.12860576923076922
1 0.6213942307692307 0.2956730769230769 0.03125 0.12860576923076922
1 0.5168269230769231 0.2980769230769231 0.078125 0.1346153846153846
1 0.4074519230769231 0.27524038461538464 0.040865384615384616 0.15625
1 0.3233173076923077 0.27524038461538464 0.03485576923076923 0.15625
1 0.2668269230769231 0.2776442307692308 0.040865384615384616 0.15625
1 0.7644230769230769 0.43149038461538464 0.040865384615384616 0.1310096153846154
1 0.6189903846153846 0.4362980769230769 0.04326923076923077 0.12860576923076922
1 0.46875 0.4362980769230769 0.037259615384615384 0.1466346153846154
1 0.38100961538461536 0.4362980769230769 0.037259615384615384 0.1466346153846154
1 0.2932692307692308 0.4375 0.037259615384615384 0.14423076923076922
1 0.7668269230769231 0.5829326923076923 0.03485576923076923 0.1466346153846154
1 0.7115384615384616 0.5829326923076923 0.027644230769230768 0.1466346153846154
1 0.6550480769230769 0.5841346153846154 0.03485576923076923 0.1502403846153846
1 0.6009615384615384 0.5841346153846154 0.03485576923076923 0.1502403846153846
1 0.5432692307692307 0.5829326923076923 0.04326923076923077 0.15264423076923078
1 0.2283653846153846 0.5877403846153846 0.037259615384615384 0.1310096153846154