1 0.7463942307692307 0.5733173076923077 0.025240384615384616 0.1466346153846154
1 0.6730769230769231 0.5721153846153846 0.015625 0.14423076923076922
1 0.6346153846153846 0.5733173076923077 0.019230769230769232 0.1466346153846154
1 0.5985576923076923 0.578125 0.021634615384615384 0.14423076923076922
1 0.5612980769230769 0.578125 0.021634615384615384 0.14423076923076922
1 0.5264423076923077 0.5769230769230769 0.015625 0.1466346153846154
1 0.45913461538461536 0.5865384615384616 0.019230769230769232 0.1346153846153846
1 0.3401442307692308 0.5889423076923077 0.019230769230769232 0.12860576923076922
1 0.22596153846153846 0.59375 0.021634615384615384 0.1310096153846154
1 0.7644230769230769 0.421875 0.015625 0.125
1 0.6947115384615384 0.42788461538461536 0.015625 0.125
1 0.6454326923076923 0.43149038461538464 0.015625 0.125
1 0.6081730769230769 0.4326923076923077 0.015625 0.12139423076923077
1 0.5456730769230769 0.4362980769230769 0.015625 0.12139423076923077
1 0.47596153846153844 0.4387019230769231 0.015625 0.1466346153846154
1 0.4170673076923077 0.4387019230769231 0.015625 0.1466346153846154
1 0.34975961538461536 0.44350961538461536 0.019230769230769232 0.14423076923076922
1 0.2824519230769231 0.44471153846153844 0.021634615384615384 0.1466346153846154
1 0.19951923076923078 0.44711538461538464 0.019230769230769232 0.14423076923076922
1 0.7019230769230769 0.2920673076923077 0.015625 0.12860576923076922
1 0.6322115384615384 0.296875 0.015625 0.125
1 0.5673076923076923 0.3004807692307692 0.015625 0.1310096153846154
1 0.5048076923076923 0.30528846153846156 0.015625 0.12860576923076922
1 0.4675480769230769 0.28125 0.015625 0.1502403846153846
1 0.4014423076923077 0.2848557692307692 0.021634615384615384 0.1502403846153846
1 0.17668269230769232 0.15264423076923078 0.027644230769230768 0.11298076923076923
1 0.4987980769230769 0.15985576923076922 0.015625 0.1502403846153846
1 0.6237980769230769 0.14903846153846154 0.021634615384615384 0.1466346153846154
1 0.7560096153846154 0.14182692307692307 0.01201923076923077 0.1466346153846154