1 0.15504807692307693 0.15264423076923078 0.040865384615384616 0.15625
1 0.3641826923076923 0.1502403846153846 0.03485576923076923 0.1502403846153846
1 0.4543269230769231 0.1502403846153846 0.027644230769230768 0.1502403846153846
1 0.6658653846153846 0.12139423076923077 0.1502403846153846 0.11298076923076923
1 0.21995192307692307 0.30528846153846156 0.027644230769230768 0.1346153846153846
1 0.2932692307692308 0.30288461538461536 0.025240384615384616 0.1310096153846154
1 0.41225961538461536 0.3004807692307692 0.08774038461538461 0.1310096153846154
1 0.5793269230769231 0.2704326923076923 0.027644230769230768 0.15985576923076922
1 0.18028846153846154 0.44471153846153844 0.052884615384615384 0.12139423076923077
1 0.2668269230769231 0.4423076923076923 0.009615384615384616 0.12139423076923077
1 0.33774038461538464 0.4411057692307692 0.01201923076923077 0.11899038461538461
1 0.4266826923076923 0.4375 0.052884615384615384 0.125
1 0.5697115384615384 0.43149038461538464 0.015625 0.14423076923076922
1 0.6081730769230769 0.43149038461538464 0.015625 0.1502403846153846
1 0.6730769230769231 0.42788461538461536 0.009615384615384616 0.14423076923076922
1 0.27163461538461536 0.5925480769230769 0.08774038461538461 0.1466346153846154
1 0.3701923076923077 0.5865384615384616 0.03485576923076923 0.140625
1 0.4338942307692308 0.5841346153846154 0.04326923076923077 0.14423076923076922
1 0.5 0.5817307692307693 0.025240384615384616 0.14423076923076922
1 0.5625 0.5829326923076923 0.05048076923076923 0.1346153846153846
1 0.6598557692307693 0.5769230769230769 0.037259615384615384 0.12860576923076922