1 0.25961538461538464 0.14182692307692307 0.03125 0.15264423076923078
1 0.4098557692307692 0.15504807692307693 0.025240384615384616 0.15264423076923078
1 0.6598557692307693 0.14903846153846154 0.03125 0.11538461538461539
1 0.7451923076923077 0.1502403846153846 0.027644230769230768 0.11298076923076923
1 0.30288461538461536 0.2920673076923077 0.03125 0.12860576923076922
1 0.3870192307692308 0.2980769230769231 0.03125 0.12860576923076922
1 0.4891826923076923 0.3016826923076923 0.078125 0.1346153846153846
1 0.6009615384615384 0.2860576923076923 0.040865384615384616 0.15985576923076922
1 0.6778846153846154 0.28846153846153844 0.03125 0.15985576923076922
1 0.7307692307692307 0.2956730769230769 0.037259615384615384 0.15985576923076922
1 0.24519230769230768 0.4266826923076923 0.040865384615384616 0.1346153846153846
1 0.3870192307692308 0.4362980769230769 0.04326923076923077 0.12860576923076922
1 0.5348557692307693 0.4411057692307692 0.037259615384615384 0.1502403846153846
1 0.6189903846153846 0.44711538461538464 0.037259615384615384 0.1502403846153846
1 0.7067307692307693 0.44711538461538464 0.037259615384615384 0.14423076923076922
1 0.234375 0.5733173076923077 0.037259615384615384 0.1466346153846154
1 0.28846153846153844 0.5769230769230769 0.027644230769230768 0.1466346153846154
1 0.3449519230769231 0.5817307692307693 0.03485576923076923 0.1502403846153846
1 0.40024038461538464 0.5817307692307693 0.037259615384615384 0.1502403846153846
1 0.4567307692307692 0.5841346153846154 0.04326923076923077 0.1502403846153846
1 0.7644230769230769 0.59375 0.040865384615384616 0.1310096153846154