1 0.15625 0.17307692307692307 0.05048076923076923 0.15985576923076922
1 0.36778846153846156 0.1622596153846154 0.040865384615384616 0.1502403846153846
1 0.4543269230769231 0.15985576923076922 0.03485576923076923 0.1502403846153846
1 0.6598557692307693 0.1310096153846154 0.15625 0.11899038461538461
1 0.2283653846153846 0.31971153846153844 0.037259615384615384 0.1346153846153846
1 0.296875 0.3161057692307692 0.03125 0.1310096153846154
1 0.4098557692307692 0.3112980769230769 0.09375 0.1346153846153846
1 0.5721153846153846 0.2800480769230769 0.037259615384615384 0.15985576923076922
1 0.18629807692307693 0.4567307692307692 0.05889423076923077 0.125
1 0.27403846153846156 0.453125 0.015625 0.125
1 0.34375 0.44471153846153844 0.019230769230769232 0.12139423076923077
1 0.42788461538461536 0.44471153846153844 0.0625 0.12860576923076922
1 0.5673076923076923 0.4326923076923077 0.021634615384615384 0.1466346153846154
1 0.6033653846153846 0.4326923076923077 0.025240384615384616 0.15264423076923078
1 0.6706730769230769 0.4266826923076923 0.015625 0.1466346153846154
1 0.2824519230769231 0.59375 0.09014423076923077 0.1502403846153846
1 0.3762019230769231 0.5889423076923077 0.040865384615384616 0.140625
1 0.4411057692307692 0.5841346153846154 0.05048076923076923 0.14423076923076922
1 0.5012019230769231 0.578125 0.03485576923076923 0.14423076923076922
1 0.5685096153846154 0.5829326923076923 0.056490384615384616 0.1346153846153846
1 0.6622596153846154 0.5769230769230769 0.04326923076923077 0.12860576923076922