1 0.1778846153846154 0.14903846153846154 0.04326923076923077 0.15985576923076922
1 0.3894230769230769 0.15625 0.03485576923076923 0.1502403846153846
1 0.47596153846153844 0.15625 0.027644230769230768 0.1502403846153846
1 0.6826923076923077 0.14543269230769232 0.15264423076923078 0.11538461538461539
1 0.2403846153846154 0.3016826923076923 0.03125 0.1346153846153846
1 0.3088942307692308 0.3004807692307692 0.025240384615384616 0.1310096153846154
1 0.4230769230769231 0.30649038461538464 0.09014423076923077 0.1310096153846154
1 0.5877403846153846 0.2860576923076923 0.03125 0.15985576923076922
1 0.19230769230769232 0.4338942307692308 0.052884615384615384 0.125
1 0.2776442307692308 0.4375 0.01201923076923077 0.125
1 0.3485576923076923 0.4362980769230769 0.015625 0.12139423076923077
1 0.4338942307692308 0.4387019230769231 0.056490384615384616 0.12860576923076922
1 0.5721153846153846 0.4362980769230769 0.019230769230769232 0.1466346153846154
1 0.609375 0.4387019230769231 0.019230769230769232 0.15264423076923078
1 0.6754807692307693 0.4387019230769231 0.01201923076923077 0.1466346153846154
1 0.2776442307692308 0.5793269230769231 0.08774038461538461 0.1466346153846154
1 0.3701923076923077 0.5829326923076923 0.03485576923076923 0.140625
1 0.4338942307692308 0.5817307692307693 0.04326923076923077 0.14423076923076922
1 0.4951923076923077 0.578125 0.027644230769230768 0.14423076923076922
1 0.5625 0.5889423076923077 0.05048076923076923 0.1346153846153846
1 0.65625 0.5865384615384616 0.037259615384615384 0.12860576923076922