1 0.2692307692307692 0.14182692307692307 0.037259615384615384 0.15264423076923078
1 0.41586538461538464 0.1502403846153846 0.037259615384615384 0.1502403846153846
1 0.6706730769230769 0.15264423076923078 0.040865384615384616 0.11298076923076923
1 0.7572115384615384 0.15504807692307693 0.03485576923076923 0.11538461538461539
1 0.30649038461538464 0.2920673076923077 0.037259615384615384 0.12860576923076922
1 0.39903846153846156 0.2980769230769231 0.03485576923076923 0.12860576923076922
1 0.4807692307692308 0.3016826923076923 0.05048076923076923 0.12860576923076922
1 0.546875 0.28725961538461536 0.037259615384615384 0.15625
1 0.6237980769230769 0.28846153846153844 0.040865384615384616 0.15985576923076922
1 0.6995192307692307 0.2920673076923077 0.037259615384615384 0.15985576923076922
1 0.84375 0.3004807692307692 0.05048076923076923 0.15625
1 0.18870192307692307 0.4170673076923077 0.040865384615384616 0.12860576923076922
1 0.2800480769230769 0.42788461538461536 0.03485576923076923 0.125
1 0.35336538461538464 0.43028846153846156 0.037259615384615384 0.12860576923076922
1 0.44471153846153844 0.4362980769230769 0.046875 0.12860576923076922
1 0.5480769230769231 0.4423076923076923 0.07211538461538461 0.15264423076923078
1 0.6526442307692307 0.4483173076923077 0.04326923076923077 0.1466346153846154
1 0.734375 0.4519230769230769 0.037259615384615384 0.140625
1 0.234375 0.5637019230769231 0.03125 0.1466346153846154
1 0.3112980769230769 0.5673076923076923 0.03485576923076923 0.1466346153846154
1 0.45913461538461536 0.578125 0.056490384615384616 0.1502403846153846
1 0.5516826923076923 0.5889423076923077 0.046875 0.1346153846153846
1 0.6418269230769231 0.59375 0.03485576923076923 0.1310096153846154
1 0.7668269230769231 0.5973557692307693 0.03485576923076923 0.1310096153846154