1 0.23076923076923078 0.14182692307692307 0.04326923076923077 0.15264423076923078
1 0.6862980769230769 0.12980769230769232 0.109375 0.11538461538461539
1 0.4567307692307692 0.14543269230769232 0.019230769230769232 0.15264423076923078
1 0.33653846153846156 0.2932692307692308 0.36538461538461536 0.14423076923076922
1 0.6322115384615384 0.27163461538461536 0.12860576923076922 0.15625
1 0.18269230769230768 0.4338942307692308 0.05889423076923077 0.125
1 0.2860576923076923 0.4375 0.027644230769230768 0.125
1 0.4014423076923077 0.4387019230769231 0.109375 0.12860576923076922
1 0.5829326923076923 0.4338942307692308 0.03485576923076923 0.14423076923076922
1 0.8221153846153846 0.43149038461538464 0.07451923076923077 0.1502403846153846
1 0.4807692307692308 0.5817307692307693 0.056490384615384616 0.14423076923076922
1 0.578125 0.5841346153846154 0.03125 0.1310096153846154
1 0.8293269230769231 0.5829326923076923 0.040865384615384616 0.1346153846153846