1 0.2548076923076923 0.5829326923076923 0.021634615384615384 0.1466346153846154
1 0.328125 0.578125 0.01201923076923077 0.14423076923076922
1 0.36778846153846156 0.5793269230769231 0.015625 0.1466346153846154
1 0.4026442307692308 0.5817307692307693 0.019230769230769232 0.14423076923076922
1 0.4411057692307692 0.5817307692307693 0.019230769230769232 0.14423076923076922
1 0.47475961538461536 0.5769230769230769 0.01201923076923077 0.1466346153846154
1 0.5420673076923077 0.5829326923076923 0.015625 0.1346153846153846
1 0.6610576923076923 0.5829326923076923 0.015625 0.12860576923076922
1 0.7752403846153846 0.5841346153846154 0.019230769230769232 0.1310096153846154
1 0.23076923076923078 0.43149038461538464 0.01201923076923077 0.125
1 0.3004807692307692 0.4375 0.01201923076923077 0.125
1 0.35336538461538464 0.4375 0.01201923076923077 0.125
1 0.3870192307692308 0.4362980769230769 0.01201923076923077 0.12139423076923077
1 0.453125 0.4362980769230769 0.01201923076923077 0.12139423076923077
1 0.5192307692307693 0.4387019230769231 0.01201923076923077 0.1466346153846154
1 0.578125 0.4362980769230769 0.01201923076923077 0.1466346153846154
1 0.6490384615384616 0.4411057692307692 0.015625 0.14423076923076922
1 0.7151442307692307 0.4387019230769231 0.019230769230769232 0.1466346153846154
1 0.7980769230769231 0.4375 0.015625 0.14423076923076922
1 0.28725961538461536 0.2980769230769231 0.01201923076923077 0.12860576923076922
1 0.3557692307692308 0.3004807692307692 0.01201923076923077 0.125
1 0.4254807692307692 0.30288461538461536 0.01201923076923077 0.1310096153846154
1 0.4879807692307692 0.30528846153846156 0.01201923076923077 0.12860576923076922
1 0.5252403846153846 0.28125 0.01201923076923077 0.1502403846153846
1 0.5901442307692307 0.28125 0.019230769230769232 0.1502403846153846
1 0.8088942307692307 0.14423076923076922 0.025240384615384616 0.11298076923076923
1 0.49038461538461536 0.15985576923076922 0.01201923076923077 0.1502403846153846
1 0.3629807692307692 0.15144230769230768 0.019230769230769232 0.1466346153846154
1 0.22956730769230768 0.15144230769230768 0.009615384615384616 0.1466346153846154