1 0.6466346153846154 0.27524038461538464 0.056490384615384616 0.21875
1 0.3449519230769231 0.484375 0.11538461538461539 0.20673076923076922
1 0.11778846153846154 0.5360576923076923 0.109375 0.2283653846153846
1 0.1346153846153846 0.7620192307692307 0.1814903846153846 0.17548076923076922
1 0.38461538461538464 0.6875 0.20673076923076922 0.14423076923076922
1 0.8653846153846154 0.7139423076923077 0.11298076923076923 0.1346153846153846
1 0.8701923076923077 0.8653846153846154 0.078125 0.11298076923076923
1 0.49038461538461536 0.8485576923076923 0.43149038461538464 0.12139423076923077
1 0.06610576923076923 0.9266826923076923 0.10576923076923077 0.11538461538461539
1 0.45913461538461536 0.9651442307692307 0.04326923076923077 0.0625
1 0.5985576923076923 0.9651442307692307 0.08413461538461539 0.0625