1 0.6766826923076923 0.13581730769230768 0.06610576923076923 0.171875
1 0.5360576923076923 0.13581730769230768 0.09735576923076923 0.1778846153846154
1 0.34975961538461536 0.12860576923076922 0.14423076923076922 0.1814903846153846
1 0.6610576923076923 0.3401442307692308 0.07211538461538461 0.19951923076923078
1 0.5360576923076923 0.33413461538461536 0.07211538461538461 0.1935096153846154
1 0.4254807692307692 0.3269230769230769 0.0625 0.1971153846153846
1 0.3088942307692308 0.32211538461538464 0.06850961538461539 0.1875
1 0.6045673076923077 0.5372596153846154 0.15264423076923078 0.17548076923076922
1 0.4423076923076923 0.5240384615384616 0.08413461538461539 0.171875
1 0.3161057692307692 0.515625 0.0625 0.16826923076923078
1 0.640625 0.71875 0.07451923076923077 0.15625
1 0.4807692307692308 0.7019230769230769 0.13701923076923078 0.15264423076923078
1 0.3137019230769231 0.6911057692307693 0.078125 0.14423076923076922