1 0.84375 0.055288461538461536 0.09975961538461539 0.109375
1 0.6189903846153846 0.020432692307692308 0.10576923076923077 0.040865384615384616
1 0.5697115384615384 0.14903846153846154 0.203125 0.15264423076923078
1 0.07451923076923077 0.18028846153846154 0.11298076923076923 0.15264423076923078
1 0.45913461538461536 0.3137019230769231 0.4254807692307692 0.12139423076923077
1 0.078125 0.3317307692307692 0.09375 0.11298076923076923
1 0.36778846153846156 0.4795673076923077 0.08413461538461539 0.1466346153846154
1 0.4963942307692308 0.4699519230769231 0.05048076923076923 0.1466346153846154
1 0.8641826923076923 0.4014423076923077 0.08413461538461539 0.12860576923076922
1 0.07692307692307693 0.6610576923076923 0.140625 0.12860576923076922
1 0.8137019230769231 0.2283653846153846 0.1658653846153846 0.17548076923076922