1 0.5877403846153846 0.17668269230769232 0.0625 0.15264423076923078
1 0.4411057692307692 0.18028846153846154 0.08173076923076923 0.15985576923076922
1 0.25961538461538464 0.18269230769230768 0.13701923076923078 0.15985576923076922
1 0.5841346153846154 0.3737980769230769 0.0625 0.1971153846153846
1 0.4639423076923077 0.3701923076923077 0.06610576923076923 0.1971153846153846
1 0.3473557692307692 0.36899038461538464 0.056490384615384616 0.19951923076923078
1 0.2283653846153846 0.36899038461538464 0.06850961538461539 0.19951923076923078
1 0.5516826923076923 0.5841346153846154 0.12860576923076922 0.1814903846153846
1 0.38461538461538464 0.578125 0.08173076923076923 0.1814903846153846
1 0.24278846153846154 0.5733173076923077 0.07211538461538461 0.18389423076923078
1 0.5985576923076923 0.7800480769230769 0.07211538461538461 0.171875
1 0.4362980769230769 0.7716346153846154 0.140625 0.1622596153846154
1 0.2620192307692308 0.7608173076923077 0.08173076923076923 0.15985576923076922