1 0.4182692307692308 0.11899038461538461 0.056490384615384616 0.1502403846153846
1 0.5588942307692307 0.1310096153846154 0.08774038461538461 0.1502403846153846
1 0.7391826923076923 0.13701923076923078 0.1346153846153846 0.15625
1 0.41586538461538464 0.31971153846153844 0.056490384615384616 0.1971153846153846
1 0.5384615384615384 0.3233173076923077 0.05889423076923077 0.1971153846153846
1 0.6526442307692307 0.3293269230769231 0.04326923076923077 0.1971153846153846
1 0.7692307692307693 0.3329326923076923 0.0625 0.19110576923076922
1 0.7463942307692307 0.5348557692307693 0.0625 0.17548076923076922
1 0.6213942307692307 0.53125 0.08173076923076923 0.17548076923076922
1 0.4543269230769231 0.5264423076923077 0.12860576923076922 0.18389423076923078
1 0.39663461538461536 0.7175480769230769 0.056490384615384616 0.15264423076923078
1 0.5673076923076923 0.71875 0.1346153846153846 0.1622596153846154
1 0.734375 0.7235576923076923 0.07451923076923077 0.15985576923076922