1 0.0985576923076923 0.28125 0.12139423076923077 0.23076923076923078
1 0.31971153846153844 0.22355769230769232 0.12860576923076922 0.21514423076923078
1 0.6213942307692307 0.056490384615384616 0.06850961538461539 0.11298076923076923
1 0.3737980769230769 0.4266826923076923 0.203125 0.15264423076923078
1 0.8485576923076923 0.43149038461538464 0.109375 0.13701923076923078
1 0.8509615384615384 0.5721153846153846 0.07211538461538461 0.11298076923076923
1 0.4951923076923077 0.5697115384615384 0.4098557692307692 0.11538461538461539
1 0.09375 0.6706730769230769 0.09375 0.12139423076923077
1 0.46875 0.7235576923076923 0.05048076923076923 0.140625
1 0.5949519230769231 0.7199519230769231 0.07211538461538461 0.1346153846153846
1 0.9110576923076923 0.8737980769230769 0.1778846153846154 0.1346153846153846
1 0.13701923076923078 0.5072115384615384 0.1814903846153846 0.15985576923076922