1 0.9302884615384616 0.18269230769230768 0.13942307692307693 0.12980769230769232
1 0.6514423076923077 0.20192307692307693 0.171875 0.1778846153846154
1 0.3293269230769231 0.18870192307692307 0.234375 0.1778846153846154
1 0.453125 0.5625 0.05048076923076923 0.09375
1 0.9266826923076923 0.33653846153846156 0.1466346153846154 0.140625
1 0.9206730769230769 0.47596153846153844 0.15264423076923078 0.109375
1 0.9170673076923077 0.6081730769230769 0.15985576923076922 0.1346153846153846
1 0.9110576923076923 0.7391826923076923 0.1658653846153846 0.09735576923076923
1 0.9026442307692307 0.8629807692307693 0.17548076923076922 0.125
1 0.6201923076923077 0.8473557692307693 0.390625 0.11298076923076923
1 0.6298076923076923 0.7079326923076923 0.39663461538461536 0.1466346153846154