1 0.6213942307692307 0.32211538461538464 0.05048076923076923 0.1622596153846154
1 0.4831730769230769 0.31971153846153844 0.08413461538461539 0.15985576923076922
1 0.3088942307692308 0.3137019230769231 0.125 0.171875
1 0.6189903846153846 0.5168269230769231 0.056490384615384616 0.18389423076923078
1 0.4987980769230769 0.5096153846153846 0.052884615384615384 0.1814903846153846
1 0.3894230769230769 0.5060096153846154 0.046875 0.1814903846153846
1 0.2776442307692308 0.4987980769230769 0.056490384615384616 0.1778846153846154
1 0.578125 0.7139423076923077 0.125 0.1778846153846154
1 0.41346153846153844 0.7019230769230769 0.078125 0.1658653846153846
1 0.28725961538461536 0.6935096153846154 0.0625 0.17548076923076922
1 0.625 0.9110576923076923 0.0625 0.171875
1 0.4651442307692308 0.8894230769230769 0.1310096153846154 0.15264423076923078
1 0.3016826923076923 0.875 0.06610576923076923 0.1502403846153846