1 0.3641826923076923 0.1201923076923077 0.05889423076923077 0.171875
1 0.5012019230769231 0.1346153846153846 0.09014423076923077 0.17548076923076922
1 0.6875 0.1466346153846154 0.13701923076923078 0.17548076923076922
1 0.3581730769230769 0.3245192307692308 0.06610576923076923 0.19951923076923078
1 0.4831730769230769 0.33413461538461536 0.06610576923076923 0.1935096153846154
1 0.59375 0.33653846153846156 0.056490384615384616 0.1971153846153846
1 0.7091346153846154 0.34375 0.0625 0.1875
1 0.3918269230769231 0.5264423076923077 0.1466346153846154 0.171875
1 0.5552884615384616 0.5300480769230769 0.078125 0.171875
1 0.6814903846153846 0.5348557692307693 0.056490384615384616 0.16826923076923078
1 0.33653846153846156 0.703125 0.07211538461538461 0.15625
1 0.4951923076923077 0.7043269230769231 0.1346153846153846 0.1466346153846154
1 0.6622596153846154 0.7091346153846154 0.07451923076923077 0.14423076923076922