1 0.5552884615384616 0.2764423076923077 0.15985576923076922 0.30288461538461536
1 0.28125 0.5516826923076923 0.08173076923076923 0.2283653846153846
1 0.057692307692307696 0.47596153846153844 0.109375 0.21514423076923078
1 0.057692307692307696 0.671875 0.109375 0.14423076923076922
1 0.052884615384615384 0.8245192307692307 0.09975961538461539 0.125
1 0.2512019230769231 0.7704326923076923 0.22235576923076922 0.1658653846153846
1 0.47475961538461536 0.9471153846153846 0.09375 0.10576923076923077
1 0.328125 0.9387019230769231 0.08774038461538461 0.109375
1 0.15504807692307693 0.9326923076923077 0.078125 0.109375
1 0.7247596153846154 0.09254807692307693 0.17548076923076922 0.1658653846153846
1 0.9314903846153846 0.6201923076923077 0.08173076923076923 0.21514423076923078