0 0.9375 0.23317307692307693 0.11899038461538461 0.2091346153846154
0 0.2848557692307692 0.08413461538461539 0.375 0.16826923076923078
0 0.6826923076923077 0.3245192307692308 0.08413461538461539 0.27524038461538464
0 0.5192307692307693 0.32211538461538464 0.08173076923076923 0.2692307692307692
0 0.2548076923076923 0.328125 0.296875 0.2692307692307692
0 0.9362980769230769 0.5252403846153846 0.12139423076923077 0.33774038461538464
0 0.6983173076923077 0.6045673076923077 0.3473557692307692 0.2283653846153846
0 0.2668269230769231 0.6033653846153846 0.21514423076923078 0.2247596153846154
0 0.6634615384615384 0.875 0.09735576923076923 0.2439903846153846
0 0.9314903846153846 0.8545673076923077 0.1310096153846154 0.2848557692307692
0 0.042067307692307696 0.12379807692307693 0.07211538461538461 0.24639423076923078