1 0.41225961538461536 0.17668269230769232 0.0625 0.15264423076923078
1 0.5588942307692307 0.18028846153846154 0.08173076923076923 0.15985576923076922
1 0.7403846153846154 0.18269230769230768 0.13701923076923078 0.15985576923076922
1 0.41586538461538464 0.3737980769230769 0.0625 0.1971153846153846
1 0.5360576923076923 0.3701923076923077 0.06610576923076923 0.1971153846153846
1 0.6526442307692307 0.36899038461538464 0.056490384615384616 0.19951923076923078
1 0.7716346153846154 0.36899038461538464 0.06850961538461539 0.19951923076923078
1 0.4483173076923077 0.5841346153846154 0.12860576923076922 0.1814903846153846
1 0.6153846153846154 0.578125 0.08173076923076923 0.1814903846153846
1 0.7572115384615384 0.5733173076923077 0.07211538461538461 0.18389423076923078
1 0.4014423076923077 0.7800480769230769 0.07211538461538461 0.171875
1 0.5637019230769231 0.7716346153846154 0.140625 0.1622596153846154
1 0.7379807692307693 0.7608173076923077 0.08173076923076923 0.15985576923076922