1 0.8533653846153846 0.057692307692307696 0.09975961538461539 0.11538461538461539
1 0.6298076923076923 0.020432692307692308 0.10336538461538461 0.040865384615384616
1 0.578125 0.1502403846153846 0.19951923076923078 0.1502403846153846
1 0.07932692307692307 0.17307692307692307 0.109375 0.15264423076923078
1 0.46274038461538464 0.3125 0.4254807692307692 0.11298076923076923
1 0.08173076923076923 0.3245192307692308 0.09375 0.11298076923076923
1 0.36899038461538464 0.47836538461538464 0.08173076923076923 0.14423076923076922
1 0.4987980769230769 0.4699519230769231 0.046875 0.1466346153846154
1 0.8641826923076923 0.40625 0.08413461538461539 0.125
1 0.07692307692307693 0.6526442307692307 0.140625 0.125
1 0.8185096153846154 0.23317307692307693 0.1622596153846154 0.171875