1 0.8894230769230769 0.2620192307692308 0.11538461538461539 0.23076923076923078
1 0.6658653846153846 0.21394230769230768 0.125 0.21514423076923078
1 0.3545673076923077 0.06129807692307692 0.06610576923076923 0.109375
1 0.6213942307692307 0.4182692307692308 0.19951923076923078 0.1502403846153846
1 0.14903846153846154 0.4495192307692308 0.109375 0.13701923076923078
1 0.15144230769230768 0.5889423076923077 0.07211538461538461 0.109375
1 0.5072115384615384 0.5685096153846154 0.4098557692307692 0.10576923076923077
1 0.9122596153846154 0.6490384615384616 0.09375 0.12139423076923077
1 0.5384615384615384 0.7199519230769231 0.046875 0.140625
1 0.41346153846153844 0.7247596153846154 0.07211538461538461 0.1310096153846154
1 0.09975961538461539 0.8954326923076923 0.1875 0.12860576923076922
1 0.8605769230769231 0.49038461538461536 0.1778846153846154 0.15625