1 0.9038461538461539 0.04326923076923077 0.17307692307692307 0.08653846153846154
1 0.90625 0.171875 0.17548076923076922 0.14423076923076922
1 0.9026442307692307 0.3161057692307692 0.1875 0.10576923076923077
1 0.8990384615384616 0.4483173076923077 0.1971153846153846 0.12860576923076922
1 0.8990384615384616 0.5769230769230769 0.1971153846153846 0.10336538461538461
1 0.890625 0.6995192307692307 0.2127403846153846 0.125
1 0.5949519230769231 0.7067307692307693 0.38461538461538464 0.11899038461538461
1 0.5985576923076923 0.5637019230769231 0.39663461538461536 0.1466346153846154
1 0.41586538461538464 0.4266826923076923 0.04326923076923077 0.10336538461538461
1 0.6081730769230769 0.0673076923076923 0.1778846153846154 0.1346153846153846
1 0.2692307692307692 0.06850961538461539 0.2439903846153846 0.125