1 0.9182692307692307 0.20192307692307693 0.13701923076923078 0.12139423076923077
1 0.6490384615384616 0.234375 0.171875 0.17548076923076922
1 0.3269230769230769 0.2403846153846154 0.234375 0.1814903846153846
1 0.4699519230769231 0.5997596153846154 0.052884615384615384 0.09975961538461539
1 0.9266826923076923 0.3485576923076923 0.140625 0.140625
1 0.9242788461538461 0.49158653846153844 0.15144230769230768 0.10336538461538461
1 0.9230769230769231 0.6213942307692307 0.1466346153846154 0.13701923076923078
1 0.9254807692307693 0.7487980769230769 0.14423076923076922 0.109375
1 0.9206730769230769 0.875 0.15264423076923078 0.1310096153846154
1 0.6490384615384616 0.8737980769230769 0.38461538461538464 0.11538461538461539
1 0.6550480769230769 0.734375 0.39663461538461536 0.15625