1 0.12980769230769232 0.18028846153846154 0.2536057692307692 0.203125
1 0.28725961538461536 0.11778846153846154 0.05048076923076923 0.2283653846153846
1 0.06850961538461539 0.025240384615384616 0.1310096153846154 0.04326923076923077
1 0.140625 0.4074519230769231 0.27524038461538464 0.1971153846153846
1 0.22956730769230768 0.5997596153846154 0.1346153846153846 0.1502403846153846
1 0.05889423076923077 0.5901442307692307 0.11298076923076923 0.13701923076923078
1 0.24519230769230768 0.9026442307692307 0.140625 0.1622596153846154
1 0.021634615384615384 0.8641826923076923 0.037259615384615384 0.1346153846153846
1 0.4230769230769231 0.640625 0.052884615384615384 0.20673076923076922
1 0.78125 0.6658653846153846 0.21875 0.21875
1 0.8365384615384616 0.3954326923076923 0.15985576923076922 0.265625