1 0.3293269230769231 0.09735576923076923 0.11538461538461539 0.1935096153846154
1 0.0985576923076923 0.140625 0.10336538461538461 0.2439903846153846
1 0.13221153846153846 0.3737980769230769 0.19110576923076922 0.171875
1 0.0829326923076923 0.5408653846153846 0.10336538461538461 0.125
1 0.3762019230769231 0.28846153846153844 0.203125 0.1466346153846154
1 0.8605769230769231 0.30649038461538464 0.10336538461538461 0.13701923076923078
1 0.8557692307692307 0.4519230769230769 0.07451923076923077 0.109375
1 0.49278846153846156 0.4423076923076923 0.421875 0.11538461538461539
1 0.45913461538461536 0.5973557692307693 0.04326923076923077 0.14423076923076922
1 0.5877403846153846 0.5985576923076923 0.07451923076923077 0.140625
1 0.9014423076923077 0.7560096153846154 0.18389423076923078 0.11899038461538461