1 0.8605769230769231 0.16826923076923078 0.09014423076923077 0.23076923076923078
1 0.6358173076923077 0.10817307692307693 0.10336538461538461 0.2091346153846154
1 0.5829326923076923 0.3125 0.19110576923076922 0.13701923076923078
1 0.09975961538461539 0.328125 0.10576923076923077 0.13701923076923078
1 0.09735576923076923 0.47836538461538464 0.08774038461538461 0.10576923076923077
1 0.4723557692307692 0.4723557692307692 0.4182692307692308 0.10576923076923077
1 0.8233173076923077 0.3954326923076923 0.1658653846153846 0.15985576923076922
1 0.8701923076923077 0.5697115384615384 0.09735576923076923 0.12860576923076922
1 0.5036057692307693 0.625 0.04326923076923077 0.1502403846153846
1 0.3737980769230769 0.6310096153846154 0.078125 0.14423076923076922
1 0.06971153846153846 0.8004807692307693 0.1346153846153846 0.125