1 0.3293269230769231 0.3858173076923077 0.11538461538461539 0.1971153846153846
1 0.6394230769230769 0.17668269230769232 0.05889423076923077 0.21514423076923078
1 0.11057692307692307 0.43149038461538464 0.109375 0.21875
1 0.1310096153846154 0.6550480769230769 0.1875 0.171875
1 0.3737980769230769 0.5829326923076923 0.203125 0.140625
1 0.8377403846153846 0.6081730769230769 0.11298076923076923 0.12860576923076922
1 0.8449519230769231 0.7439903846153846 0.078125 0.11298076923076923
1 0.9651442307692307 0.7463942307692307 0.05048076923076923 0.11298076923076923
1 0.4831730769230769 0.7295673076923077 0.41586538461538464 0.12139423076923077
1 0.078125 0.8125 0.10576923076923077 0.125
1 0.4483173076923077 0.8786057692307693 0.052884615384615384 0.13701923076923078
1 0.5769230769230769 0.8858173076923077 0.078125 0.140625