1 0.13701923076923078 0.2776442307692308 0.10576923076923077 0.23076923076923078
1 0.3629807692307692 0.22235576923076922 0.11298076923076923 0.2127403846153846
1 0.40625 0.4266826923076923 0.19951923076923078 0.140625
1 0.8870192307692307 0.46274038461538464 0.10576923076923077 0.13701923076923078
1 0.890625 0.609375 0.08173076923076923 0.11298076923076923
1 0.5204326923076923 0.5877403846153846 0.41586538461538464 0.11899038461538461
1 0.15745192307692307 0.5012019230769231 0.1778846153846154 0.171875
1 0.10096153846153846 0.671875 0.09735576923076923 0.125
1 0.47475961538461536 0.7463942307692307 0.04326923076923077 0.1502403846153846
1 0.6081730769230769 0.7512019230769231 0.078125 0.1466346153846154
1 0.9110576923076923 0.9338942307692307 0.1466346153846154 0.1310096153846154