1 0.5673076923076923 0.1141826923076923 0.05889423076923077 0.15264423076923078
1 0.43028846153846156 0.13221153846153846 0.09014423076923077 0.15264423076923078
1 0.24879807692307693 0.14543269230769232 0.140625 0.15985576923076922
1 0.578125 0.3161057692307692 0.0625 0.19951923076923078
1 0.4543269230769231 0.3245192307692308 0.06610576923076923 0.19951923076923078
1 0.3401442307692308 0.33413461538461536 0.05048076923076923 0.19951923076923078
1 0.2247596153846154 0.3401442307692308 0.06850961538461539 0.1935096153846154
1 0.25600961538461536 0.5420673076923077 0.06850961538461539 0.1778846153846154
1 0.38100961538461536 0.5360576923076923 0.08774038461538461 0.1778846153846154
1 0.5480769230769231 0.5252403846153846 0.1346153846153846 0.1875
1 0.6129807692307693 0.7127403846153846 0.0625 0.15625
1 0.4423076923076923 0.7199519230769231 0.140625 0.1658653846153846
1 0.27524038461538464 0.7307692307692307 0.08173076923076923 0.1622596153846154