1 0.11057692307692307 0.2620192307692308 0.11538461538461539 0.23076923076923078
1 0.33413461538461536 0.21394230769230768 0.125 0.21514423076923078
1 0.6454326923076923 0.06129807692307692 0.06610576923076923 0.109375
1 0.3786057692307692 0.4182692307692308 0.19951923076923078 0.1502403846153846
1 0.8509615384615384 0.4495192307692308 0.109375 0.13701923076923078
1 0.8485576923076923 0.5889423076923077 0.07211538461538461 0.109375
1 0.49278846153846156 0.5685096153846154 0.4098557692307692 0.10576923076923077
1 0.08774038461538461 0.6490384615384616 0.09375 0.12139423076923077
1 0.46153846153846156 0.7199519230769231 0.046875 0.140625
1 0.5865384615384616 0.7247596153846154 0.07211538461538461 0.1310096153846154
1 0.9002403846153846 0.8954326923076923 0.1875 0.12860576923076922
1 0.13942307692307693 0.49038461538461536 0.1778846153846154 0.15625