1 0.4326923076923077 0.1141826923076923 0.05889423076923077 0.15264423076923078
1 0.5697115384615384 0.13221153846153846 0.09014423076923077 0.15264423076923078
1 0.7512019230769231 0.14543269230769232 0.140625 0.15985576923076922
1 0.421875 0.3161057692307692 0.0625 0.19951923076923078
1 0.5456730769230769 0.3245192307692308 0.06610576923076923 0.19951923076923078
1 0.6598557692307693 0.33413461538461536 0.05048076923076923 0.19951923076923078
1 0.7752403846153846 0.3401442307692308 0.06850961538461539 0.1935096153846154
1 0.7439903846153846 0.5420673076923077 0.06850961538461539 0.1778846153846154
1 0.6189903846153846 0.5360576923076923 0.08774038461538461 0.1778846153846154
1 0.4519230769230769 0.5252403846153846 0.1346153846153846 0.1875
1 0.3870192307692308 0.7127403846153846 0.0625 0.15625
1 0.5576923076923077 0.7199519230769231 0.140625 0.1658653846153846
1 0.7247596153846154 0.7307692307692307 0.08173076923076923 0.1622596153846154