1 0.3016826923076923 0.12980769230769232 0.11538461538461539 0.2091346153846154
1 0.09014423076923077 0.20192307692307693 0.09975961538461539 0.2403846153846154
1 0.11298076923076923 0.4326923076923077 0.1875 0.171875
1 0.07451923076923077 0.6009615384615384 0.09975961538461539 0.12139423076923077
1 0.3629807692307692 0.34375 0.19951923076923078 0.14423076923076922
1 0.8377403846153846 0.33653846153846156 0.09975961538461539 0.1346153846153846
1 0.8389423076923077 0.4795673076923077 0.07211538461538461 0.109375
1 0.47475961538461536 0.49278846153846156 0.4182692307692308 0.109375
1 0.4519230769230769 0.640625 0.040865384615384616 0.14423076923076922
1 0.5769230769230769 0.6394230769230769 0.07211538461538461 0.140625
1 0.9014423076923077 0.7776442307692307 0.18389423076923078 0.11298076923076923