1 0.36899038461538464 0.421875 0.056490384615384616 0.1622596153846154
1 0.5048076923076923 0.4170673076923077 0.078125 0.15985576923076922
1 0.671875 0.4098557692307692 0.125 0.15625
1 0.3713942307692308 0.6153846153846154 0.056490384615384616 0.1814903846153846
1 0.49399038461538464 0.6045673076923077 0.0625 0.1778846153846154
1 0.6045673076923077 0.5949519230769231 0.052884615384615384 0.1778846153846154
1 0.7127403846153846 0.5889423076923077 0.056490384615384616 0.18389423076923078
1 0.421875 0.8137019230769231 0.125 0.171875
1 0.5889423076923077 0.796875 0.07211538461538461 0.16826923076923078
1 0.7139423076923077 0.7824519230769231 0.05889423076923077 0.1658653846153846
1 0.5408653846153846 0.9555288461538461 0.125 0.0889423076923077
1 0.7139423076923077 0.9435096153846154 0.08413461538461539 0.09975961538461539
1 0.3798076923076923 0.9651442307692307 0.05889423076923077 0.06850961538461539