1 0.375 0.32211538461538464 0.05048076923076923 0.1622596153846154
1 0.5144230769230769 0.31971153846153844 0.08413461538461539 0.15985576923076922
1 0.6875 0.3137019230769231 0.125 0.171875
1 0.3786057692307692 0.5168269230769231 0.056490384615384616 0.18389423076923078
1 0.4987980769230769 0.5096153846153846 0.052884615384615384 0.1814903846153846
1 0.6081730769230769 0.5060096153846154 0.046875 0.1814903846153846
1 0.71875 0.4987980769230769 0.056490384615384616 0.1778846153846154
1 0.4182692307692308 0.7139423076923077 0.125 0.1778846153846154
1 0.5829326923076923 0.7019230769230769 0.078125 0.1658653846153846
1 0.7091346153846154 0.6935096153846154 0.0625 0.17548076923076922
1 0.375 0.9110576923076923 0.0625 0.171875
1 0.53125 0.8894230769230769 0.1310096153846154 0.15264423076923078
1 0.6947115384615384 0.875 0.06610576923076923 0.1502403846153846