1 0.8786057692307693 0.30288461538461536 0.10576923076923077 0.23076923076923078
1 0.65625 0.23076923076923078 0.11298076923076923 0.2127403846153846
1 0.6033653846153846 0.4326923076923077 0.19951923076923078 0.140625
1 0.11538461538461539 0.4338942307692308 0.10576923076923077 0.13701923076923078
1 0.10576923076923077 0.5817307692307693 0.08173076923076923 0.11298076923076923
1 0.47596153846153844 0.5841346153846154 0.41586538461538464 0.11899038461538461
1 0.8425480769230769 0.5264423076923077 0.1778846153846154 0.171875
1 0.8894230769230769 0.6995192307692307 0.09735576923076923 0.125
1 0.5060096153846154 0.7463942307692307 0.04326923076923077 0.1502403846153846
1 0.3762019230769231 0.7427884615384616 0.078125 0.1466346153846154
1 0.06850961538461539 0.9050480769230769 0.13701923076923078 0.1346153846153846