1 0.625 0.41346153846153844 0.0625 0.1658653846153846
1 0.4891826923076923 0.4182692307692308 0.08413461538461539 0.1622596153846154
1 0.32211538461538464 0.4206730769230769 0.1310096153846154 0.15985576923076922
1 0.6370192307692307 0.6081730769230769 0.0625 0.18389423076923078
1 0.5120192307692307 0.6057692307692307 0.06850961538461539 0.1814903846153846
1 0.4014423076923077 0.5997596153846154 0.05889423076923077 0.1814903846153846
1 0.2932692307692308 0.6033653846153846 0.0625 0.1875
1 0.5997596153846154 0.8088942307692307 0.1310096153846154 0.17548076923076922
1 0.4326923076923077 0.8016826923076923 0.078125 0.171875
1 0.3076923076923077 0.796875 0.06610576923076923 0.16826923076923078
1 0.49038461538461536 0.953125 0.1310096153846154 0.08774038461538461
1 0.3173076923076923 0.9519230769230769 0.09014423076923077 0.09014423076923077
1 0.6502403846153846 0.9543269230769231 0.0625 0.07211538461538461