1 0.5504807692307693 0.27524038461538464 0.15625 0.3004807692307692
1 0.2824519230769231 0.5564903846153846 0.078125 0.2247596153846154
1 0.055288461538461536 0.484375 0.109375 0.2127403846153846
1 0.05889423076923077 0.6814903846153846 0.11298076923076923 0.14423076923076922
1 0.056490384615384616 0.8341346153846154 0.10576923076923077 0.125
1 0.25600961538461536 0.7716346153846154 0.21875 0.1622596153846154
1 0.484375 0.9471153846153846 0.09375 0.10576923076923077
1 0.33774038461538464 0.9411057692307693 0.08774038461538461 0.10576923076923077
1 0.16346153846153846 0.9375 0.078125 0.10576923076923077
1 0.7199519230769231 0.08774038461538461 0.171875 0.1622596153846154
1 0.9326923076923077 0.6129807692307693 0.078125 0.2127403846153846