1 0.4495192307692308 0.27524038461538464 0.15625 0.3004807692307692
1 0.7175480769230769 0.5564903846153846 0.078125 0.2247596153846154
1 0.9447115384615384 0.484375 0.109375 0.2127403846153846
1 0.9411057692307693 0.6814903846153846 0.11298076923076923 0.14423076923076922
1 0.9435096153846154 0.8341346153846154 0.10576923076923077 0.125
1 0.7439903846153846 0.7716346153846154 0.21875 0.1622596153846154
1 0.515625 0.9471153846153846 0.09375 0.10576923076923077
1 0.6622596153846154 0.9411057692307693 0.08774038461538461 0.10576923076923077
1 0.8365384615384616 0.9375 0.078125 0.10576923076923077
1 0.2800480769230769 0.08774038461538461 0.171875 0.1622596153846154
1 0.0673076923076923 0.6129807692307693 0.078125 0.2127403846153846