1 0.0733173076923077 0.4074519230769231 0.109375 0.234375
1 0.3112980769230769 0.3629807692307692 0.109375 0.20673076923076922
1 0.3581730769230769 0.5625 0.203125 0.1310096153846154
1 0.8221153846153846 0.5841346153846154 0.09375 0.125
1 0.8221153846153846 0.7235576923076923 0.07451923076923077 0.09735576923076923
1 0.46274038461538464 0.7139423076923077 0.40625 0.11538461538461539
1 0.09975961538461539 0.6454326923076923 0.1875 0.15985576923076922
1 0.06850961538461539 0.8125 0.05048076923076923 0.1310096153846154
1 0.19230769230769232 0.8137019230769231 0.046875 0.12139423076923077
1 0.43028846153846156 0.8641826923076923 0.046875 0.140625
1 0.5576923076923077 0.8653846153846154 0.06610576923076923 0.13701923076923078