1 0.0673076923076923 0.44711538461538464 0.12139423076923077 0.23798076923076922
1 0.3004807692307692 0.3798076923076923 0.11899038461538461 0.2091346153846154
1 0.3641826923076923 0.5733173076923077 0.2091346153846154 0.140625
1 0.828125 0.5552884615384616 0.09975961538461539 0.12860576923076922
1 0.8425480769230769 0.6947115384615384 0.078125 0.10336538461538461
1 0.4831730769230769 0.7151442307692307 0.4098557692307692 0.13701923076923078
1 0.11538461538461539 0.6778846153846154 0.1935096153846154 0.16826923076923078
1 0.09975961538461539 0.8485576923076923 0.056490384615384616 0.1346153846153846
1 0.22355769230769232 0.8377403846153846 0.052884615384615384 0.125
1 0.4639423076923077 0.8689903846153846 0.052884615384615384 0.14423076923076922
1 0.5925480769230769 0.8581730769230769 0.07211538461538461 0.140625