1 0.9302884615384616 0.23557692307692307 0.09735576923076923 0.22235576923076922
1 0.5252403846153846 0.03125 0.16826923076923078 0.056490384615384616
1 0.2644230769230769 0.21514423076923078 0.08413461538461539 0.23076923076923078
1 0.052884615384615384 0.15264423076923078 0.06850961538461539 0.2127403846153846
1 0.046875 0.3629807692307692 0.08774038461538461 0.14423076923076922
1 0.052884615384615384 0.5120192307692307 0.09975961538461539 0.11899038461538461
1 0.16826923076923078 0.6189903846153846 0.07451923076923077 0.125
1 0.3473557692307692 0.6105769230769231 0.08173076923076923 0.12860576923076922
1 0.4879807692307692 0.6045673076923077 0.07451923076923077 0.12139423076923077
1 0.2536057692307692 0.44471153846153844 0.19951923076923078 0.171875
1 0.9098557692307693 0.7451923076923077 0.17548076923076922 0.24639423076923078