1 0.5685096153846154 0.2439903846153846 0.09375 0.04326923076923077
1 0.5697115384615384 0.3173076923076923 0.07211538461538461 0.08413461538461539
1 0.6033653846153846 0.4170673076923077 0.1310096153846154 0.09735576923076923
1 0.3942307692307692 0.5252403846153846 0.06850961538461539 0.09375
1 0.5889423076923077 0.5264423076923077 0.11538461538461539 0.09735576923076923
1 0.7764423076923077 0.5252403846153846 0.09735576923076923 0.09375
1 0.6682692307692307 0.6237980769230769 0.10576923076923077 0.078125
1 0.24639423076923078 0.6201923076923077 0.09375 0.078125
1 0.25 0.7067307692307693 0.08774038461538461 0.07451923076923077
1 0.23317307692307693 0.7956730769230769 0.09014423076923077 0.078125
1 0.6141826923076923 0.7127403846153846 0.027644230769230768 0.07451923076923077
1 0.9759615384615384 0.8004807692307693 0.040865384615384616 0.08774038461538461