1 0.8786057692307693 0.20793269230769232 0.23798076923076922 0.22235576923076922
1 0.7391826923076923 0.1346153846153846 0.06610576923076923 0.23076923076923078
1 0.9471153846153846 0.056490384615384616 0.09975961538461539 0.056490384615384616
1 0.859375 0.4338942307692308 0.27524038461538464 0.21875
1 0.7620192307692307 0.6201923076923077 0.14423076923076922 0.15985576923076922
1 0.9326923076923077 0.6213942307692307 0.12139423076923077 0.14423076923076922
1 0.7283653846153846 0.9158653846153846 0.15625 0.1622596153846154
1 0.9519230769230769 0.8966346153846154 0.046875 0.13701923076923078
1 0.5685096153846154 0.6454326923076923 0.06850961538461539 0.2091346153846154
1 0.20793269230769232 0.6454326923076923 0.234375 0.234375
1 0.17307692307692307 0.3713942307692308 0.1778846153846154 0.27524038461538464