1 0.33533653846153844 0.09495192307692307 0.11778846153846154 0.18990384615384615
1 0.10096153846153846 0.1346153846153846 0.109375 0.2439903846153846
1 0.1346153846153846 0.36538461538461536 0.1935096153846154 0.17548076923076922
1 0.0829326923076923 0.5348557692307693 0.10336538461538461 0.125
1 0.3786057692307692 0.28725961538461536 0.20673076923076922 0.1502403846153846
1 0.8605769230769231 0.3125 0.10336538461538461 0.13701923076923078
1 0.8557692307692307 0.45913461538461536 0.07451923076923077 0.11298076923076923
1 0.49278846153846156 0.44350961538461536 0.421875 0.125
1 0.4579326923076923 0.5973557692307693 0.046875 0.14423076923076922
1 0.5865384615384616 0.5997596153846154 0.078125 0.14423076923076922
1 0.8954326923076923 0.7644230769230769 0.18389423076923078 0.12139423076923077