1 0.23557692307692307 0.23918269230769232 0.10336538461538461 0.046875
1 0.22956730769230768 0.3137019230769231 0.07211538461538461 0.09014423076923077
1 0.1971153846153846 0.4170673076923077 0.1502403846153846 0.109375
1 0.05889423076923077 0.4098557692307692 0.05048076923076923 0.10576923076923077
1 0.20192307692307693 0.5276442307692307 0.12139423076923077 0.10576923076923077
1 0.3918269230769231 0.5348557692307693 0.08413461538461539 0.09975961538461539
1 0.027644230769230768 0.5228365384615384 0.055288461538461536 0.10817307692307693
1 0.9338942307692307 0.5324519230769231 0.037259615384615384 0.07211538461538461
1 0.5504807692307693 0.6262019230769231 0.09375 0.08413461538461539
1 0.11899038461538461 0.6310096153846154 0.11899038461538461 0.08774038461538461
1 0.5432692307692307 0.7127403846153846 0.08173076923076923 0.08173076923076923
1 0.5588942307692307 0.796875 0.09375 0.08774038461538461