1 0.44471153846153844 0.2764423076923077 0.15985576923076922 0.30288461538461536
1 0.71875 0.5516826923076923 0.08173076923076923 0.2283653846153846
1 0.9423076923076923 0.47596153846153844 0.109375 0.21514423076923078
1 0.9423076923076923 0.671875 0.109375 0.14423076923076922
1 0.9471153846153846 0.8245192307692307 0.09975961538461539 0.125
1 0.7487980769230769 0.7704326923076923 0.22235576923076922 0.1658653846153846
1 0.5252403846153846 0.9471153846153846 0.09375 0.10576923076923077
1 0.671875 0.9387019230769231 0.08774038461538461 0.109375
1 0.8449519230769231 0.9326923076923077 0.078125 0.109375
1 0.27524038461538464 0.09254807692307693 0.17548076923076922 0.1658653846153846
1 0.06850961538461539 0.6201923076923077 0.08173076923076923 0.21514423076923078