1 0.6310096153846154 0.421875 0.056490384615384616 0.1622596153846154
1 0.4951923076923077 0.4170673076923077 0.078125 0.15985576923076922
1 0.328125 0.4098557692307692 0.125 0.15625
1 0.6286057692307693 0.6153846153846154 0.056490384615384616 0.1814903846153846
1 0.5060096153846154 0.6045673076923077 0.0625 0.1778846153846154
1 0.3954326923076923 0.5949519230769231 0.052884615384615384 0.1778846153846154
1 0.28725961538461536 0.5889423076923077 0.056490384615384616 0.18389423076923078
1 0.578125 0.8137019230769231 0.125 0.171875
1 0.4110576923076923 0.796875 0.07211538461538461 0.16826923076923078
1 0.2860576923076923 0.7824519230769231 0.05889423076923077 0.1658653846153846
1 0.45913461538461536 0.9555288461538461 0.125 0.0889423076923077
1 0.2860576923076923 0.9435096153846154 0.08413461538461539 0.09975961538461539
1 0.6201923076923077 0.9651442307692307 0.05889423076923077 0.06850961538461539