1 0.6814903846153846 0.40024038461538464 0.11899038461538461 0.19951923076923078
1 0.3894230769230769 0.16706730769230768 0.06610576923076923 0.21514423076923078
1 0.8918269230769231 0.4675480769230769 0.11538461538461539 0.22235576923076922
1 0.8545673076923077 0.6875 0.19110576923076922 0.17548076923076922
1 0.6189903846153846 0.59375 0.20673076923076922 0.14423076923076922
1 0.15504807692307693 0.5745192307692307 0.11538461538461539 0.1310096153846154
1 0.13701923076923078 0.7127403846153846 0.08173076923076923 0.11298076923076923
1 0.021634615384615384 0.7043269230769231 0.04326923076923077 0.11538461538461539
1 0.4963942307692308 0.7295673076923077 0.4182692307692308 0.12860576923076922
1 0.8954326923076923 0.8485576923076923 0.109375 0.12860576923076922
1 0.5192307692307693 0.8810096153846154 0.056490384615384616 0.13701923076923078
1 0.3894230769230769 0.8762019230769231 0.078125 0.140625