1 0.35336538461538464 0.27524038461538464 0.056490384615384616 0.21875
1 0.6550480769230769 0.484375 0.11538461538461539 0.20673076923076922
1 0.8822115384615384 0.5360576923076923 0.109375 0.2283653846153846
1 0.8653846153846154 0.7620192307692307 0.1814903846153846 0.17548076923076922
1 0.6153846153846154 0.6875 0.20673076923076922 0.14423076923076922
1 0.1346153846153846 0.7139423076923077 0.11298076923076923 0.1346153846153846
1 0.12980769230769232 0.8653846153846154 0.078125 0.11298076923076923
1 0.5096153846153846 0.8485576923076923 0.43149038461538464 0.12139423076923077
1 0.9338942307692307 0.9266826923076923 0.10576923076923077 0.11538461538461539
1 0.5408653846153846 0.9651442307692307 0.04326923076923077 0.0625
1 0.4014423076923077 0.9651442307692307 0.08413461538461539 0.0625