1 0.9014423076923077 0.28125 0.12139423076923077 0.23076923076923078
1 0.6802884615384616 0.22355769230769232 0.12860576923076922 0.21514423076923078
1 0.3786057692307692 0.056490384615384616 0.06850961538461539 0.11298076923076923
1 0.6262019230769231 0.4266826923076923 0.203125 0.15264423076923078
1 0.15144230769230768 0.43149038461538464 0.109375 0.13701923076923078
1 0.14903846153846154 0.5721153846153846 0.07211538461538461 0.11298076923076923
1 0.5048076923076923 0.5697115384615384 0.4098557692307692 0.11538461538461539
1 0.90625 0.6706730769230769 0.09375 0.12139423076923077
1 0.53125 0.7235576923076923 0.05048076923076923 0.140625
1 0.4050480769230769 0.7199519230769231 0.07211538461538461 0.1346153846153846
1 0.0889423076923077 0.8737980769230769 0.1778846153846154 0.1346153846153846
1 0.8629807692307693 0.5072115384615384 0.1814903846153846 0.15985576923076922