1 0.9254807692307693 0.20793269230769232 0.13701923076923078 0.12139423076923077
1 0.6526442307692307 0.23557692307692307 0.16826923076923078 0.171875
1 0.3317307692307692 0.23798076923076922 0.23076923076923078 0.17548076923076922
1 0.4675480769230769 0.5985576923076923 0.052884615384615384 0.09735576923076923
1 0.9278846153846154 0.3545673076923077 0.13701923076923078 0.140625
1 0.9242788461538461 0.4951923076923077 0.15144230769230768 0.10096153846153846
1 0.921875 0.6298076923076923 0.1502403846153846 0.1346153846153846
1 0.9230769230769231 0.7560096153846154 0.1466346153846154 0.10576923076923077
1 0.9158653846153846 0.8822115384615384 0.1622596153846154 0.12860576923076922
1 0.6418269230769231 0.8737980769230769 0.38461538461538464 0.109375
1 0.6502403846153846 0.734375 0.3942307692307692 0.1502403846153846