1 0.6346153846153846 0.3293269230769231 0.056490384615384616 0.1658653846153846
1 0.4951923076923077 0.32211538461538464 0.09014423076923077 0.1622596153846154
1 0.3245192307692308 0.3004807692307692 0.1310096153846154 0.17548076923076922
1 0.6189903846153846 0.5252403846153846 0.0625 0.1875
1 0.4987980769230769 0.5108173076923077 0.05889423076923077 0.18389423076923078
1 0.3894230769230769 0.4987980769230769 0.052884615384615384 0.18389423076923078
1 0.2776442307692308 0.484375 0.0625 0.1814903846153846
1 0.5661057692307693 0.71875 0.1310096153846154 0.1814903846153846
1 0.4014423076923077 0.6935096153846154 0.08413461538461539 0.16826923076923078
1 0.27524038461538464 0.6802884615384616 0.06850961538461539 0.1778846153846154
1 0.5949519230769231 0.9122596153846154 0.07211538461538461 0.16826923076923078
1 0.4387019230769231 0.8846153846153846 0.1346153846153846 0.15625
1 0.2776442307692308 0.8605769230769231 0.06850961538461539 0.15264423076923078