1 0.6322115384615384 0.4230769230769231 0.05889423076923077 0.1658653846153846
1 0.4963942307692308 0.4182692307692308 0.08173076923076923 0.1622596153846154
1 0.3293269230769231 0.40625 0.12860576923076922 0.15625
1 0.6262019230769231 0.6177884615384616 0.05889423076923077 0.18389423076923078
1 0.5048076923076923 0.6057692307692307 0.06610576923076923 0.1814903846153846
1 0.3942307692307692 0.59375 0.056490384615384616 0.1814903846153846
1 0.2860576923076923 0.5841346153846154 0.05889423076923077 0.1875
1 0.5733173076923077 0.8173076923076923 0.12860576923076922 0.171875
1 0.40625 0.7956730769230769 0.07451923076923077 0.171875
1 0.28125 0.7776442307692307 0.0625 0.16826923076923078
1 0.4519230769230769 0.953125 0.12860576923076922 0.08774038461538461
1 0.2800480769230769 0.9387019230769231 0.08413461538461539 0.10336538461538461
1 0.6105769230769231 0.9639423076923077 0.06610576923076923 0.06610576923076923