1 0.07451923076923077 0.20793269230769232 0.13701923076923078 0.12139423076923077
1 0.3473557692307692 0.23557692307692307 0.16826923076923078 0.171875
1 0.6682692307692307 0.23798076923076922 0.23076923076923078 0.17548076923076922
1 0.5324519230769231 0.5985576923076923 0.052884615384615384 0.09735576923076923
1 0.07211538461538461 0.3545673076923077 0.13701923076923078 0.140625
1 0.07572115384615384 0.4951923076923077 0.15144230769230768 0.10096153846153846
1 0.078125 0.6298076923076923 0.1502403846153846 0.1346153846153846
1 0.07692307692307693 0.7560096153846154 0.1466346153846154 0.10576923076923077
1 0.08413461538461539 0.8822115384615384 0.1622596153846154 0.12860576923076922
1 0.3581730769230769 0.8737980769230769 0.38461538461538464 0.109375
1 0.34975961538461536 0.734375 0.3942307692307692 0.1502403846153846