1 0.2403846153846154 0.234375 0.10576923076923077 0.05048076923076923
1 0.23317307692307693 0.3076923076923077 0.07211538461538461 0.09014423076923077
1 0.19831730769230768 0.4110576923076923 0.15264423076923078 0.109375
1 0.06129807692307692 0.40024038461538464 0.052884615384615384 0.10576923076923077
1 0.203125 0.5240384615384616 0.125 0.109375
1 0.3942307692307692 0.53125 0.08774038461538461 0.09975961538461539
1 0.030048076923076924 0.515625 0.05889423076923077 0.11298076923076923
1 0.9338942307692307 0.5408653846153846 0.037259615384615384 0.07451923076923077
1 0.5504807692307693 0.6298076923076923 0.09375 0.08413461538461539
1 0.11899038461538461 0.6237980769230769 0.11899038461538461 0.09014423076923077
1 0.5408653846153846 0.7151442307692307 0.08173076923076923 0.08173076923076923
1 0.5564903846153846 0.8004807692307693 0.09375 0.08774038461538461