1 0.15625 0.055288461538461536 0.09975961538461539 0.109375
1 0.38100961538461536 0.020432692307692308 0.10576923076923077 0.040865384615384616
1 0.43028846153846156 0.14903846153846154 0.203125 0.15264423076923078
1 0.9254807692307693 0.18028846153846154 0.11298076923076923 0.15264423076923078
1 0.5408653846153846 0.3137019230769231 0.4254807692307692 0.12139423076923077
1 0.921875 0.3317307692307692 0.09375 0.11298076923076923
1 0.6322115384615384 0.4795673076923077 0.08413461538461539 0.1466346153846154
1 0.5036057692307693 0.4699519230769231 0.05048076923076923 0.1466346153846154
1 0.13581730769230768 0.4014423076923077 0.08413461538461539 0.12860576923076922
1 0.9230769230769231 0.6610576923076923 0.140625 0.12860576923076922
1 0.18629807692307693 0.2283653846153846 0.1658653846153846 0.17548076923076922