1 0.06971153846153846 0.23557692307692307 0.09735576923076923 0.22235576923076922
1 0.47475961538461536 0.03125 0.16826923076923078 0.056490384615384616
1 0.7355769230769231 0.21514423076923078 0.08413461538461539 0.23076923076923078
1 0.9471153846153846 0.15264423076923078 0.06850961538461539 0.2127403846153846
1 0.953125 0.3629807692307692 0.08774038461538461 0.14423076923076922
1 0.9471153846153846 0.5120192307692307 0.09975961538461539 0.11899038461538461
1 0.8317307692307693 0.6189903846153846 0.07451923076923077 0.125
1 0.6526442307692307 0.6105769230769231 0.08173076923076923 0.12860576923076922
1 0.5120192307692307 0.6045673076923077 0.07451923076923077 0.12139423076923077
1 0.7463942307692307 0.44471153846153844 0.19951923076923078 0.171875
1 0.09014423076923077 0.7451923076923077 0.17548076923076922 0.24639423076923078