1 0.4387019230769231 0.17067307692307693 0.15985576923076922 0.30288461538461536
1 0.7151442307692307 0.4387019230769231 0.08173076923076923 0.2283653846153846
1 0.9411057692307693 0.375 0.11298076923076923 0.2127403846153846
1 0.9411057692307693 0.5721153846153846 0.11298076923076923 0.14423076923076922
1 0.9411057692307693 0.7235576923076923 0.11298076923076923 0.12139423076923077
1 0.7451923076923077 0.6670673076923077 0.22235576923076922 0.1658653846153846
1 0.09254807692307693 0.9387019230769231 0.15264423076923078 0.11538461538461539
1 0.5144230769230769 0.8473557692307693 0.09014423076923077 0.11899038461538461
1 0.6658653846153846 0.8389423076923077 0.07451923076923077 0.12860576923076922
1 0.8377403846153846 0.8341346153846154 0.08173076923076923 0.125
1 0.27524038461538464 0.038461538461538464 0.17548076923076922 0.05889423076923077