1 0.875 0.19951923076923078 0.2439903846153846 0.21875
1 0.734375 0.12860576923076922 0.0625 0.23076923076923078
1 0.9423076923076923 0.04807692307692308 0.109375 0.052884615384615384
1 0.859375 0.4266826923076923 0.27524038461538464 0.21514423076923078
1 0.7644230769230769 0.6153846153846154 0.140625 0.15625
1 0.9375 0.6153846153846154 0.11899038461538461 0.14423076923076922
1 0.7331730769230769 0.9134615384615384 0.15264423076923078 0.1658653846153846
1 0.9591346153846154 0.890625 0.04326923076923077 0.13701923076923078
1 0.5685096153846154 0.6454326923076923 0.0625 0.2091346153846154
1 0.2127403846153846 0.6502403846153846 0.23076923076923078 0.23076923076923078
1 0.17067307692307693 0.3786057692307692 0.171875 0.27524038461538464