1 0.6610576923076923 0.12980769230769232 0.05889423076923077 0.171875
1 0.5240384615384616 0.1346153846153846 0.09014423076923077 0.17548076923076922
1 0.33774038461538464 0.1346153846153846 0.13701923076923078 0.17548076923076922
1 0.6550480769230769 0.33413461538461536 0.06610576923076923 0.19951923076923078
1 0.5300480769230769 0.33413461538461536 0.06610576923076923 0.1935096153846154
1 0.4182692307692308 0.3293269230769231 0.056490384615384616 0.1971153846153846
1 0.30288461538461536 0.3317307692307692 0.0625 0.1875
1 0.6009615384615384 0.5324519230769231 0.1466346153846154 0.171875
1 0.4387019230769231 0.5264423076923077 0.078125 0.171875
1 0.3125 0.5216346153846154 0.056490384615384616 0.16826923076923078
1 0.6454326923076923 0.7127403846153846 0.07211538461538461 0.15625
1 0.4855769230769231 0.7043269230769231 0.1346153846153846 0.1466346153846154
1 0.32211538461538464 0.6971153846153846 0.07451923076923077 0.14423076923076922