1 0.9326923076923077 0.19831730769230768 0.12860576923076922 0.1346153846153846
1 0.6634615384615384 0.20432692307692307 0.1778846153846154 0.18389423076923078
1 0.3425480769230769 0.1814903846153846 0.2403846153846154 0.1875
1 0.4519230769230769 0.5612980769230769 0.052884615384615384 0.09735576923076923
1 0.9266826923076923 0.34975961538461536 0.140625 0.14423076923076922
1 0.9206730769230769 0.49278846153846156 0.15264423076923078 0.11538461538461539
1 0.9122596153846154 0.6237980769230769 0.1622596153846154 0.140625
1 0.9050480769230769 0.7548076923076923 0.1658653846153846 0.10336538461538461
1 0.8918269230769231 0.875 0.1778846153846154 0.1310096153846154
1 0.609375 0.8497596153846154 0.3942307692307692 0.125
1 0.625 0.7127403846153846 0.40024038461538464 0.1622596153846154