1 0.359375 0.2704326923076923 0.05048076923076923 0.21514423076923078
1 0.6550480769230769 0.4891826923076923 0.109375 0.203125
1 0.8798076923076923 0.5504807692307693 0.10336538461538461 0.2247596153846154
1 0.8557692307692307 0.7752403846153846 0.17548076923076922 0.16826923076923078
1 0.6081730769230769 0.6911057692307693 0.203125 0.13701923076923078
1 0.12620192307692307 0.6995192307692307 0.109375 0.1310096153846154
1 0.11538461538461539 0.8509615384615384 0.07451923076923077 0.109375
1 0.4951923076923077 0.8473557692307693 0.42788461538461536 0.10576923076923077
1 0.9170673076923077 0.9411057692307693 0.10336538461538461 0.11298076923076923
1 0.5240384615384616 0.9651442307692307 0.040865384615384616 0.0625
1 0.3858173076923077 0.9651442307692307 0.078125 0.0625