1 0.7451923076923077 0.2091346153846154 0.15264423076923078 0.16826923076923078
1 0.5576923076923077 0.20793269230769232 0.09014423076923077 0.171875
1 0.44471153846153844 0.5985576923076923 0.12139423076923077 0.1778846153846154
1 0.6105769230769231 0.5973557692307693 0.07211538461538461 0.16826923076923078
1 0.7463942307692307 0.59375 0.07451923076923077 0.16826923076923078
1 0.5564903846153846 0.7764423076923077 0.1310096153846154 0.15264423076923078
1 0.7235576923076923 0.7740384615384616 0.08413461538461539 0.15264423076923078
1 0.3942307692307692 0.78125 0.06850961538461539 0.15625
1 0.6490384615384616 0.40024038461538464 0.052884615384615384 0.1814903846153846
1 0.7644230769230769 0.40024038461538464 0.05889423076923077 0.1875
1 0.5324519230769231 0.40024038461538464 0.05889423076923077 0.1935096153846154
1 0.41225961538461536 0.3954326923076923 0.056490384615384616 0.18389423076923078