1 0.36538461538461536 0.3293269230769231 0.056490384615384616 0.1658653846153846
1 0.5048076923076923 0.32211538461538464 0.09014423076923077 0.1622596153846154
1 0.6754807692307693 0.3004807692307692 0.1310096153846154 0.17548076923076922
1 0.38100961538461536 0.5252403846153846 0.0625 0.1875
1 0.5012019230769231 0.5108173076923077 0.05889423076923077 0.18389423076923078
1 0.6105769230769231 0.4987980769230769 0.052884615384615384 0.18389423076923078
1 0.7223557692307693 0.484375 0.0625 0.1814903846153846
1 0.4338942307692308 0.71875 0.1310096153846154 0.1814903846153846
1 0.5985576923076923 0.6935096153846154 0.08413461538461539 0.16826923076923078
1 0.7247596153846154 0.6802884615384616 0.06850961538461539 0.1778846153846154
1 0.4050480769230769 0.9122596153846154 0.07211538461538461 0.16826923076923078
1 0.5612980769230769 0.8846153846153846 0.1346153846153846 0.15625
1 0.7223557692307693 0.8605769230769231 0.06850961538461539 0.15264423076923078