1 0.8269230769230769 0.15264423076923078 0.07211538461538461 0.1502403846153846
1 0.7139423076923077 0.15144230769230768 0.05889423076923077 0.15264423076923078
1 0.5925480769230769 0.14903846153846154 0.06610576923076923 0.15264423076923078
1 0.7644230769230769 0.30649038461538464 0.06610576923076923 0.1310096153846154
1 0.6346153846153846 0.30288461538461536 0.07451923076923077 0.1310096153846154
1 0.515625 0.3004807692307692 0.05048076923076923 0.1310096153846154
1 0.4807692307692308 0.27163461538461536 0.019230769230769232 0.15625
1 0.8125 0.44471153846153844 0.06850961538461539 0.12860576923076922
1 0.6875 0.44350961538461536 0.056490384615384616 0.125
1 0.5697115384615384 0.4375 0.05889423076923077 0.125
1 0.7355769230769231 0.5901442307692307 0.05889423076923077 0.1502403846153846
1 0.6213942307692307 0.5865384615384616 0.0625 0.1466346153846154
1 0.5120192307692307 0.5829326923076923 0.056490384615384616 0.1466346153846154