1 0.17307692307692307 0.15264423076923078 0.07211538461538461 0.1502403846153846
1 0.2860576923076923 0.15144230769230768 0.05889423076923077 0.15264423076923078
1 0.4074519230769231 0.14903846153846154 0.06610576923076923 0.15264423076923078
1 0.23557692307692307 0.30649038461538464 0.06610576923076923 0.1310096153846154
1 0.36538461538461536 0.30288461538461536 0.07451923076923077 0.1310096153846154
1 0.484375 0.3004807692307692 0.05048076923076923 0.1310096153846154
1 0.5192307692307693 0.27163461538461536 0.019230769230769232 0.15625
1 0.1875 0.44471153846153844 0.06850961538461539 0.12860576923076922
1 0.3125 0.44350961538461536 0.056490384615384616 0.125
1 0.43028846153846156 0.4375 0.05889423076923077 0.125
1 0.2644230769230769 0.5901442307692307 0.05889423076923077 0.1502403846153846
1 0.3786057692307692 0.5865384615384616 0.0625 0.1466346153846154
1 0.4879807692307692 0.5829326923076923 0.056490384615384616 0.1466346153846154