1 0.8064903846153846 0.15504807692307693 0.06850961538461539 0.15264423076923078
1 0.6995192307692307 0.15625 0.056490384615384616 0.15625
1 0.5865384615384616 0.15745192307692307 0.06610576923076923 0.15264423076923078
1 0.7512019230769231 0.30288461538461536 0.06610576923076923 0.1310096153846154
1 0.6237980769230769 0.30649038461538464 0.07211538461538461 0.1310096153846154
1 0.5120192307692307 0.30288461538461536 0.05048076923076923 0.1310096153846154
1 0.47836538461538464 0.2848557692307692 0.019230769230769232 0.15625
1 0.8088942307692307 0.4387019230769231 0.06850961538461539 0.12860576923076922
1 0.6875 0.44350961538461536 0.056490384615384616 0.125
1 0.5697115384615384 0.4375 0.05889423076923077 0.125
1 0.7355769230769231 0.5841346153846154 0.05889423076923077 0.1502403846153846
1 0.6237980769230769 0.5829326923076923 0.06610576923076923 0.1466346153846154
1 0.515625 0.5793269230769231 0.056490384615384616 0.1466346153846154