Detector | Soglia   | TPR    | FPR    | FNR    | TP     | FP     | FN    
----------------------------------------------------------------------
aug      |  -12.324 | 0.9442 | 0.0315 | 0.0957 |   5089 |    170 |    516
aug      |  -10.530 | 0.9442 | 0.0314 | 0.0957 |   5089 |    169 |    516
aug      |   -8.735 | 0.9440 | 0.0314 | 0.0959 |   5088 |    169 |    517
aug      |   -6.940 | 0.9438 | 0.0310 | 0.0961 |   5087 |    167 |    518
aug      |   -5.145 | 0.9436 | 0.0306 | 0.0963 |   5086 |    165 |    519
aug      |   -3.350 | 0.9436 | 0.0302 | 0.0963 |   5086 |    163 |    519
aug      |   -1.555 | 0.9430 | 0.0297 | 0.0967 |   5083 |    160 |    521
aug      |    0.000 | 0.9417 | 0.0295 | 0.0978 |   5076 |    159 |    527  <-- soglia attuale
aug      |    0.239 | 0.9417 | 0.0295 | 0.0978 |   5076 |    159 |    527
aug      |    2.034 | 0.9408 | 0.0293 | 0.0987 |   5071 |    158 |    532
aug      |    3.829 | 0.9380 | 0.0289 | 0.1015 |   5056 |    156 |    547
aug      |    5.624 | 0.9341 | 0.0286 | 0.1052 |   5035 |    154 |    567
aug      |    7.419 | 0.9280 | 0.0265 | 0.1108 |   5002 |    143 |    597
aug      |    9.214 | 0.9130 | 0.0247 | 0.1256 |   4921 |    133 |    677
aug      |   11.009 | 0.8928 | 0.0217 | 0.1451 |   4812 |    117 |    782
aug      |   12.803 | 0.8514 | 0.0189 | 0.1844 |   4589 |    102 |    994
aug      |   14.598 | 0.7824 | 0.0156 | 0.2514 |   4217 |     84 |   1355
aug      |   16.393 | 0.6378 | 0.0108 | 0.3907 |   3438 |     58 |   2106
aug      |   18.188 | 0.4406 | 0.0041 | 0.5779 |   2375 |     22 |   3115
aug      |   19.983 | 0.1228 | 0.0004 | 0.8801 |    662 |      2 |   4744
aug      |   21.778 | 0.0124 | 0.0000 | 0.9883 |     67 |      0 |   5327
aug      |   23.572 | 0.0000 | 0.0000 | 1.0000 |      0 |      0 |   5390
noaug    |  -12.324 | 0.7659 | 0.0152 | 0.2848 |   4128 |     82 |   1535
noaug    |  -10.530 | 0.7659 | 0.0152 | 0.2848 |   4128 |     82 |   1535
noaug    |   -8.735 | 0.7659 | 0.0150 | 0.2848 |   4128 |     81 |   1535
noaug    |   -6.940 | 0.7659 | 0.0147 | 0.2848 |   4128 |     79 |   1535
noaug    |   -5.145 | 0.7657 | 0.0143 | 0.2850 |   4127 |     77 |   1536
noaug    |   -3.350 | 0.7657 | 0.0143 | 0.2850 |   4127 |     77 |   1536
noaug    |   -1.555 | 0.7655 | 0.0143 | 0.2852 |   4126 |     77 |   1537
noaug    |    0.000 | 0.7653 | 0.0141 | 0.2853 |   4125 |     76 |   1538  <-- soglia attuale
noaug    |    0.239 | 0.7653 | 0.0141 | 0.2853 |   4125 |     76 |   1538
noaug    |    2.034 | 0.7649 | 0.0135 | 0.2857 |   4123 |     73 |   1540
noaug    |    3.829 | 0.7646 | 0.0130 | 0.2857 |   4121 |     70 |   1540
noaug    |    5.624 | 0.7627 | 0.0126 | 0.2874 |   4111 |     68 |   1549
noaug    |    7.419 | 0.7601 | 0.0126 | 0.2896 |   4097 |     68 |   1561
noaug    |    9.214 | 0.7566 | 0.0121 | 0.2928 |   4078 |     65 |   1578
noaug    |   11.009 | 0.7481 | 0.0115 | 0.3013 |   4032 |     62 |   1624
noaug    |   12.803 | 0.7219 | 0.0104 | 0.3260 |   3891 |     56 |   1757
noaug    |   14.598 | 0.6792 | 0.0085 | 0.3657 |   3661 |     46 |   1971
noaug    |   16.393 | 0.5777 | 0.0058 | 0.4597 |   3114 |     31 |   2478
noaug    |   18.188 | 0.4184 | 0.0030 | 0.6076 |   2255 |     16 |   3275
noaug    |   19.983 | 0.1403 | 0.0002 | 0.8666 |    756 |      1 |   4671
noaug    |   21.778 | 0.0121 | 0.0000 | 0.9883 |     65 |      0 |   5327
noaug    |   23.572 | 0.0000 | 0.0000 | 1.0000 |      0 |      0 |   5390
